timestamp, rr, since_start 

1688126387907,672,7596
1688126388929,732,8328
1688126389993,722,9050
1688126390008,713,9763
1688126390931,760,10523
1688126392181,825,11348
1688126393431,825,12173
1688126394054,887,13060
1688126394992,992,14052
1688126395930,1045,15097
1688126397180,1045,16142
1688126398119,1027,17169
1688126399054,976,18145
1688126399993,1027,19172
1688126400930,1105,20277
1688126403118,1195,21472
1688126407180,1301,22773
1688126408117,1105,23878
1688126409055,1009,24887
1688126410931,1045,25932
1688126412180,992,26924
1688126413118,929,27853
1688126414055,848,28701
1688126414994,929,29630
1688126417182,976,30606
1688126418116,887,31493
1688126418128,836,32329
1688126419057,781,33110
1688126419992,791,33901
1688126420931,770,34671
1688126422179,781,35452
1688126423117,836,36288
1688126423129,887,37175
1688126424055,915,38090
1688126424993,959,39049
1688126425930,976,40025
1688126427181,959,40984
1688126428116,1027,42011
1688126429054,959,42970
1688126430304,770,43740
1688126433117,801,44541
1688126433131,929,45470
1688126434054,959,46429
1688126434990,992,47421
1688126435928,992,48413
1688126438116,1009,49422
1688126439053,1009,50431
1688126439991,992,51423
1688126440928,959,52382
1688126442180,976,53358
1688126443118,992,54350
1688126443130,915,55265
1688126444990,848,56113
1688126445928,915,57028
1688126447493,901,57929
1688126449991,848,58777
1688126450928,901,59678
1688126452178,976,60654
1688126453117,992,61646
1688126454053,976,62622
1688126454992,976,63598
1688126455926,1009,64607
1688126457176,1027,65634
1688126458116,1027,66661
1688126459367,1045,67706
1688126459992,992,68698
1688126460930,976,69674
1688126462177,1045,70719
1688126463114,1064,71783
1688126464051,1064,72847
1688126466240,1084,73931
1688126467179,1301,75232
1688126476240,1171,76403
1688126477178,848,77251
1688126478114,915,78166
1688126479053,976,79142
1688126479990,944,80086
1688126481240,929,81015
1688126482176,992,82007
1688126483114,1045,83052
1688126484053,1009,84061
1688126484989,1009,85070
1688126487177,1084,86154
1688126488114,1125,87279
1688126489052,1084,88363
1688126489989,1084,89447
1688126491240,1105,90552
1688126492175,1027,91579
1688126493113,1027,92606
1688126494052,1125,93731
1688126494990,1125,94856
1688126496240,1064,95920
1688126497177,976,96896
1688126498114,976,97872
1688126500302,1064,98936
1688126500316,1045,99981
1688126502488,1027,101008
1688126503115,1105,102113
1688126504051,1027,103140
1688126504987,992,104132
1688126506239,1064,105196
1688126507175,992,106188
1688126508115,992,107180
1688126509051,1045,108225
1688126509990,944,109169
1688126511238,929,110098
1688126512176,1027,111125
1688126513113,1064,112189
1688126514053,992,113181
1688126514988,976,114157
1688126516237,1045,115202
1688126517177,1009,116211
1688126518113,976,117187
1688126519053,1064,118251
1688126519988,1084,119335
1688126521237,1009,120344
1688126522175,1009,121353
1688126523113,1084,122437
1688126524051,1045,123482
1688126524988,1009,124491
1688126526238,1027,125518
1688126527175,976,126494
1688126528112,929,127423
1688126529051,976,128399
1688126529988,992,129391
1688126531238,929,130320
1688126532178,915,131235
1688126533113,1009,132244
1688126534049,1009,133253
1688126534987,976,134229
1688126536238,1009,135238
1688126537175,1045,136283
1688126538114,976,137259
1688126539051,976,138235
1688126539988,1027,139262
1688126541239,976,140238
1688126542177,992,141230
1688126544050,1045,142275
1688126544988,1009,143284
1688126546237,992,144276
1688126547177,1045,145321
1688126548115,992,146313
1688126549052,959,147272
1688126549988,1045,148317
1688126551237,1045,149362
1688126552488,944,150306
1688126553114,887,151193
1688126553127,825,152018
1688126554051,781,152799
1688126554989,781,153580
1688126556237,750,154330
1688126556244,732,155062
1688126557175,770,155832
1688126558113,760,156592
1688126559051,750,157342
1688126559987,791,158133
1688126560000,825,158958
1688126561238,813,159771
1688126562175,760,160531
1688126563112,741,161272
1688126563120,722,161994
1688126564051,722,162716
1688126564987,801,163517
1688126566238,944,164461
1688126567178,1064,165525
1688126568112,1105,166630
1688126569049,1064,167694
1688126569988,887,168581
1688126571238,915,169496
1688126572178,1148,170644
1688126573113,1105,171749
1688126574052,959,172708
1688126574987,959,173667
1688126576238,976,174643
1688126577175,915,175558
1688126578113,874,176432
1688126579051,861,177293
1688126579988,836,178129
1688126582177,887,179016
1688126583114,929,179945
1688126584052,1009,180954
1688126584989,1084,182038
1688126587175,1125,183163
1688126588113,1148,184311
1688126589050,1148,185459
1688126589989,1084,186543
1688126591237,1045,187588
1688126592175,1084,188672
1688126593112,1125,189797
1688126594050,1105,190902
1688126596237,1084,191986
1688126597175,1171,193157
1688126598113,1220,194377
1688126599050,1220,195597
1688126599988,1125,196722
1688126601238,1045,197767
1688126602177,959,198726
1688126603115,887,199613
1688126604049,944,200557
1688126605301,1045,201602
1688126606240,992,202594
1688126607177,944,203538
1688126608115,1084,204622
1688126609986,1195,205817
1688126611238,1220,207037
1688126612176,1195,208232
1688126613113,1027,209259
1688126614050,791,210050
1688126614063,732,210782
1688126615300,887,211669
1688126616239,944,212613
1688126617175,836,213449
1688126618114,836,214285
1688126619053,848,215133
1688126620300,825,215958
1688126621237,825,216783
1688126621250,813,217596
1688126622177,825,218421
1688126623114,929,219350
1688126624051,1084,220434
1688126626238,1171,221605
1688126627175,1148,222753
1688126628114,1105,223858
1688126629052,915,224773
1688126631239,915,225688
1688126633111,976,226664
1688126634050,915,227579
1688126635300,959,228538
1688126636238,915,229453
1688126637175,976,230429
1688126638115,1105,231534
1688126639049,1148,232682
1688126640300,1148,233830
1688126642177,1148,234978
1688126643114,1125,236103
1688126644050,1105,237208
1688126645300,1105,238313
1688126646238,1084,239397
1688126647177,1084,240481
1688126648113,1105,241586
1688126649050,1084,242670
1688126650301,992,243662
1688126651237,944,244606
1688126652175,944,245550
1688126653115,915,246465
1688126654051,1064,247529
1688126655299,1125,248654
1688126656238,992,249646
1688126657177,929,250575
1688126658112,976,251551
1688126659052,1027,252578
1688126661237,1084,253662
1688126662176,1105,254767
1688126663112,1084,255851
1688126664050,1009,256860
1688126665300,992,257852
1688126666239,1027,258879
1688126667175,1009,259888
1688126668112,929,260817
1688126669051,959,261776
1688126670300,1105,262881
1688126671240,1105,263986
1688126672177,1009,264995
1688126673112,1009,266004
1688126674049,976,266980
1688126675300,887,267867
1688126676241,915,268782
1688126677177,959,269741
1688126678112,959,270700
1688126679052,901,271601
1688126679064,825,272426
1688126680300,801,273227
1688126681239,825,274052
1688126682175,836,274888
1688126683112,825,275713
1688126684051,901,276614
1688126685301,915,277529
1688126686236,874,278403
1688126686241,861,279264
1688126687174,861,280125
1688126688112,915,281040
1688126689049,929,281969
1688126690299,944,282913
1688126691236,944,283857
1688126692177,929,284786
1688126693115,915,285701
1688126694050,861,286562
1688126695300,801,287363
1688126695314,760,288123
1688126696237,741,288864
1688126697175,741,289605
1688126698113,741,290346
1688126698125,791,291137
1688126699050,887,292024
1688126700301,901,292925
1688126701237,959,293884
1688126702174,1064,294948
1688126704051,1045,295993
1688126704063,944,296937
1688126705301,848,297785
1688126706239,801,298586
1688126707176,781,299367
1688126708112,750,300117
1688126708126,801,300918
1688126710300,801,301719
1688126711240,713,302432
1688126711253,713,303145
1688126712176,713,303858
1688126713115,697,304555
1688126713129,672,305227
1688126714052,705,305932
1688126715299,705,306637
1688126716238,697,307334
1688126716253,713,308047
1688126717175,705,308752
1688126718112,722,309474
1688126718125,741,310215
1688126719052,781,310996
1688126720299,781,311777
1688126721238,801,312578
1688126722177,861,313439
1688126723112,848,314287
1688126724051,861,315148
1688126725300,929,316077
1688126726237,959,317036
1688126727175,959,317995
1688126728114,959,318954
1688126728127,959,319913
1688126729051,959,320872
1688126730299,1009,321881
1688126731237,976,322857
1688126732174,976,323833
1688126734050,1027,324860
1688126735301,1009,325869
1688126736240,1045,326914
1688126737176,1045,327959
1688126738112,1027,328986
1688126739050,1105,330091
1688126740301,1064,331155
1688126741240,1064,332219
1688126742175,1171,333390
1688126743113,1148,334538
1688126744049,1027,335565
1688126745300,929,336494
1688126746240,959,337453
1688126748113,1171,338624
1688126749051,1171,339795
1688126750300,976,340771
1688126752176,944,341715
1688126753113,976,342691
1688126754050,976,343667
1688126756237,929,344596
1688126757176,874,345470
1688126758425,1009,346479
1688126759362,992,347471
1688126760299,732,348203
1688126761236,650,348853
1688126761245,722,349575
1688126762175,741,350316
1688126763425,801,351117
1688126764364,929,352046
1688126765300,929,352975
1688126766550,901,353876
1688126767174,887,354763
1688126768112,887,355650
1688126769363,929,356579
1688126770299,976,357555
1688126771240,1027,358582
1688126772175,992,359574
1688126773111,915,360489
1688126774365,836,361325
1688126775300,887,362212
1688126777175,1171,363383
1688126782175,1583,364966
1688126785301,1583,366549
1688126787175,1084,367633
1688126788115,825,368458
1688126789363,760,369218
1688126789373,760,369978
1688126790299,813,370791
1688126791237,901,371692
1688126792175,1009,372701
1688126793112,992,373693
1688126794363,1009,374702
1688126795299,1045,375747
1688126797177,1084,376831
1688126798112,1027,377858
1688126799364,1045,378903
1688126800301,1064,379967
1688126801237,1045,381012
1688126802175,1009,382021
1688126803112,959,382980
1688126804365,929,383909
1688126805302,929,384838
1688126806237,959,385797
1688126807176,915,386712
1688126807189,915,387627
1688126808112,944,388571
1688126809365,944,389515
1688126810613,992,390507
1688126811238,976,391483
1688126812176,944,392427
1688126813115,959,393386
1688126814363,992,394378
1688126815300,944,395322
1688126816240,944,396266
1688126817175,1027,397293
1688126818114,1027,398320
1688126819364,1027,399347
1688126821238,1084,400431
1688126822175,1105,401536
1688126823113,1148,402684
1688126824361,1195,403879
1688126825298,1171,405050
1688126826238,1105,406155
1688126827177,1009,407164
1688126828112,944,408108
1688126829363,992,409100
1688126833113,1301,410401
1688126835300,1273,411674
1688126835314,929,412603
1688126836237,901,413504
1688126837174,915,414419
1688126838112,959,415378
1688126839365,959,416337
1688126840302,915,417252
1688126841237,944,418196
1688126842176,929,419125
1688126843111,887,420012
1688126844365,915,420927
1688126845302,929,421856
1688126846240,1027,422883
1688126847178,1027,423910
1688126848112,976,424886
1688126849362,1027,425913
1688126850301,1064,426977
1688126851550,1064,428041
1688126852176,1084,429125
1688126853424,1009,430134
1688126854362,976,431110
1688126855302,976,432086
1688126856238,976,433062
1688126857176,944,434006
1688126858112,976,434982
1688126860299,1125,436107
1688126861240,1125,437232
1688126862175,1064,438296
1688126863113,1105,439401
1688126865299,1246,440647
1688126866238,1171,441818
1688126867174,1027,442845
1688126869364,976,443821
1688126870300,1064,444885
1688126871237,1064,445949
1688126872174,959,446908
1688126873111,1027,447935
1688126874364,1009,448944
1688126876238,1027,449971
1688126877175,1064,451035
1688126878113,1009,452044
1688126879362,1027,453071
1688126880300,1125,454196
1688126881239,1125,455321
1688126882175,992,456313
1688126883112,959,457272
1688126884364,1045,458317
1688126885301,1045,459362
1688126886239,1105,460467
1688126887176,1148,461615
1688126888115,1105,462720
1688126890300,1125,463845
1688126891237,1148,464993
1688126892174,1148,466141
1688126893114,1171,467312
1688126894361,1148,468460
1688126895298,1084,469544
1688126896238,1064,470608
1688126897176,992,471600
1688126898112,944,472544
1688126899362,1027,473571
1688126900299,1027,474598
1688126901236,992,475590
1688126903113,1064,476654
1688126904363,1045,477699
1688126905301,1027,478726
1688126906238,1064,479790
1688126907175,1064,480854
1688126908111,1027,481881
1688126909362,1064,482945
1688126910300,1064,484009
1688126911237,1027,485036
1688126912175,1084,486120
1688126913424,1125,487245
1688126914365,1045,488290
1688126915300,1027,489317
1688126917177,1105,490422
1688126918424,1045,491467
1688126919362,1009,492476
1688126920300,1045,493521
1688126921238,1064,494585
1688126922176,1009,495594
1688126923423,992,496586
1688126924361,1045,497631
1688126925299,1027,498658
1688126926237,976,499634
1688126927175,992,500626
1688126928426,1027,501653
1688126929361,976,502629
1688126930299,992,503621
1688126931236,1009,504630
1688126932174,944,505574
1688126933426,836,506410
1688126934364,825,507235
1688126934377,874,508109
1688126935302,813,508922
1688126936236,791,509713
1688126937174,874,510587
1688126938426,929,511516
1688126939363,915,512431
1688126940300,915,513346
1688126941238,976,514322
1688126942176,944,515266
1688126943425,944,516210
1688126944362,976,517186
1688126945300,944,518130
1688126946238,929,519059
1688126946252,874,519933
1688126947177,887,520820
1688126948424,976,521796
1688126949365,825,522621
1688126950300,741,523362
1688126951238,848,524210
1688126952176,825,525035
1688126952190,825,525860
1688126953424,901,526761
1688126954363,901,527662
1688126955300,944,528606
1688126956238,1027,529633
1688126957176,929,530562
1688126958424,1027,531589
1688126960300,1125,532714
1688126961239,1045,533759
1688126962175,1105,534864
1688126963424,1105,535969
1688126964365,1045,537014
1688126965299,1045,538059
1688126966237,1125,539184
1688126967175,1148,540332
1688126968426,1148,541480
1688126970299,1084,542564
1688126971236,1045,543609
1688126972174,1125,544734
1688126973427,1171,545905
1688126974362,1125,547030
1688126975302,1105,548135
1688126976237,1171,549306
1688126978739,1171,550477
1688126979362,1171,551648
1688126980300,1195,552843
1688126981237,1105,553948
1688126982175,1084,555032
1688126983424,1171,556203
1688126984364,1105,557308
1688126986237,1064,558372
1688126987176,1148,559520
1688126988423,1105,560625
1688126989361,1084,561709
1688126990299,1171,562880
1688126991237,1105,563985
1688126992176,1105,565090
1688126994361,1195,566285
1688126995298,1125,567410
1688126996237,1084,568494
1688126997177,1148,569642
1688126998426,1125,570767
1688126999364,1125,571892
1688127001237,1195,573087
1688127002176,1105,574192
1688127003424,1084,575276
1688127004364,1171,576447
1688127005299,1171,577618
1688127006238,1084,578702
1688127007174,1105,579807
1688127009362,1171,580978
1688127010299,1105,582083
1688127011239,1045,583128
1688127012176,1105,584233
1688127013426,1105,585338
1688127014364,1045,586383
1688127015612,992,587375
1688127016237,1084,588459
1688127017174,1148,589607
1688127018426,1084,590691
1688127019362,992,591683
1688127020301,1009,592692
1688127021237,1045,593737
1688127022174,1027,594764
1688127023423,944,595708
1688127024362,959,596667
1688127025299,1027,597694
1688127026237,1009,598703
1688127027176,944,599647
1688127028427,976,600623
1688127030298,1045,601668
1688127030307,976,602644
1688127031237,944,603588
1688127033425,1009,604597
1688127034363,1027,605624
1688127034376,959,606583
1688127035299,944,607527
1688127037174,992,608519
1688127038426,992,609511
1688127038439,929,610440
1688127039364,915,611355
1688127040301,976,612331
1688127041238,976,613307
1688127042173,915,614222
1688127043424,929,615151
1688127044364,1009,616160
1688127045299,992,617152
1688127046238,944,618096
1688127047176,959,619055
1688127048425,976,620031
1688127049363,976,621007
1688127050299,1009,622016
1688127051239,1027,623043
1688127052176,992,624035
1688127053424,959,624994
1688127054364,992,625986
1688127055299,1009,626995
1688127056239,1027,628022
1688127057487,959,628981
1688127058423,976,629957
1688127059362,1045,631002
1688127060300,1045,632047
1688127061240,992,633039
1688127062488,992,634031
1688127064361,1064,635095
1688127065298,1045,636140
1688127066236,976,637116
1688127067487,992,638108
1688127068426,1045,639153
1688127069362,976,640129
1688127070300,976,641105
1688127071236,1045,642150
1688127072487,1009,643159
1688127073426,944,644103
1688127074361,976,645079
1688127075300,1045,646124
1688127076238,1009,647133
1688127077488,959,648092
1688127078426,976,649068
1688127079362,976,650044
1688127080300,901,650945
1688127081239,915,651860
1688127081251,915,652775
1688127082486,848,653623
1688127083424,825,654448
1688127084363,813,655261
1688127085300,848,656109
1688127086236,929,657038
1688127087486,976,658014
1688127088425,959,658973
1688127089362,992,659965
1688127090299,1105,661070
1688127091550,1125,662195
1688127092486,1045,663240
1688127093423,1027,664267
1688127094362,1105,665372
1688127095299,1084,666456
1688127096238,1009,667465
1688127097489,1027,668492
1688127099362,1084,669576
1688127100298,1027,670603
1688127101237,1027,671630
1688127102487,1125,672755
1688127103424,1125,673880
1688127104364,1064,674944
1688127105298,1084,676028
1688127106235,1171,677199
1688127107487,1148,678347
1688127108426,1045,679392
1688127110299,1045,680437
1688127111239,1148,681585
1688127112487,1171,682756
1688127113426,1064,683820
1688127114362,1027,684847
1688127115299,1125,685972
1688127116237,1125,687097
1688127117487,1027,688124
1688127118426,1027,689151
1688127120300,1105,690256
1688127121238,1064,691320
1688127122486,1027,692347
1688127123424,1064,693411
1688127124363,1027,694438
1688127125300,944,695382
1688127126236,959,696341
1688127127488,1045,697386
1688127128424,1027,698413
1688127129361,944,699357
1688127130300,959,700316
1688127131238,1045,701361
1688127132487,1045,702406
1688127133424,959,703365
1688127134360,976,704341
1688127135298,1064,705405
1688127136237,1084,706489
1688127137488,1084,707573
1688127138427,1045,708618
1688127139363,1045,709663
1688127140299,1084,710747
1688127141549,1045,711792
1688127142487,1027,712819
1688127144363,1105,713924
1688127145301,1148,715072
1688127146238,1084,716156
1688127147488,1064,717220
1688127148424,1195,718415
1688127149363,1220,719635
1688127151237,1148,720783
1688127152486,1105,721888
1688127153425,1171,723059
1688127154362,1195,724254
1688127155299,1105,725359
1688127156236,1064,726423
1688127157485,1148,727571
1688127159361,1171,728742
1688127160299,1045,729787
1688127161237,1027,730814
1688127162487,1125,731939
1688127163423,1125,733064
1688127164361,1084,734148
1688127165299,1148,735296
1688127166237,1171,736467
1688127168426,1084,737551
1688127169361,1064,738615
1688127170299,1171,739786
1688127171236,1171,740957
1688127172487,1084,742041
1688127173423,1084,743125
1688127174363,1171,744296
1688127176235,1148,745444
1688127177489,1064,746508
1688127178425,1084,747592
1688127179361,1171,748763
1688127180301,1171,749934
1688127181237,1084,751018
1688127182488,1064,752082
1688127184361,1171,753253
1688127185299,1171,754424
1688127186236,1064,755488
1688127187488,1084,756572
1688127188424,1171,757743
1688127189676,1148,758891
1688127190299,1045,759936
1688127191238,1045,760981
1688127193423,1148,762129
1688127194363,1148,763277
1688127195299,1027,764304
1688127196239,1027,765331
1688127197486,1125,766456
1688127198738,1125,767581
1688127199361,1009,768590
1688127200300,1009,769599
1688127201238,1105,770704
1688127202488,1125,771829
1688127203424,1064,772893
1688127205298,1045,773938
1688127206550,1125,775063
1688127207487,1105,776168
1688127208426,992,777160
1688127209362,992,778152
1688127210298,1064,779216
1688127211551,1064,780280
1688127212487,992,781272
1688127213426,992,782264
1688127214362,1084,783348
1688127215300,1105,784453
1688127216549,1045,785498
1688127217489,992,786490
1688127218426,1045,787535
1688127219362,1084,788619
1688127220301,1045,789664
1688127221548,976,790640
1688127222487,1009,791649
1688127224361,1105,792754
1688127225299,1084,793838
1688127226548,1009,794847
1688127227486,1045,795892
1688127228424,1105,796997
1688127229362,1084,798081
1688127230298,992,799073
1688127231549,992,800065
1688127232486,1084,801149
1688127233423,1105,802254
1688127234362,1027,803281
1688127235298,992,804273
1688127236550,1084,805357
1688127238426,1148,806505
1688127239360,1064,807569
1688127240299,1027,808596
1688127241551,1148,809744
1688127242489,1105,810849
1688127243426,1027,811876
1688127244362,1064,812940
1688127245298,1148,814088
1688127246551,1084,815172
1688127247489,1009,816181
1688127248425,1045,817226
1688127250299,1105,818331
1688127251551,1045,819376
1688127252487,976,820352
1688127253425,1045,821397
1688127254362,1148,822545
1688127255300,1105,823650
1688127256548,1027,824677
1688127257486,1105,825782
1688127258425,1171,826953
1688127259361,1084,828037
1688127260299,1027,829064
1688127262485,1084,830148
1688127263424,1105,831253
1688127264362,1064,832317
1688127265300,1084,833401
1688127266551,1084,834485
1688127267486,992,835477
1688127268423,915,836392
1688127269361,770,837162
1688127269369,713,837875
1688127270301,770,838645
1688127273424,887,839532
1688127274361,976,840508
1688127275299,1009,841517
1688127276549,1027,842544
1688127277487,976,843520
1688127278425,976,844496
1688127279363,1027,845523
1688127280299,1045,846568
1688127281549,976,847544
1688127282489,959,848503
1688127283424,1009,849512
1688127284363,1009,850521
1688127285299,976,851497
1688127286549,944,852441
1688127287487,1009,853450
1688127288426,992,854442
1688127289363,976,855418
1688127290299,992,856410
1688127291548,976,857386
1688127292487,944,858330
1688127293425,915,859245
1688127294363,959,860204
1688127295299,959,861163
1688127296549,959,862122
1688127297485,1027,863149
1688127298423,992,864141
1688127299361,976,865117
1688127300300,1045,866162
1688127301550,1105,867267
1688127302488,1064,868331
1688127304360,1045,869376
1688127305301,1125,870501
1688127306550,1064,871565
1688127308425,1009,872574
1688127309361,929,873503
1688127309368,722,874225
1688127321549,915,875140
1688127323424,1246,876386
1688127325299,1148,877534
1688127326547,915,878449
1688127327487,929,879378
1688127328426,1045,880423
1688127329363,1027,881450
1688127330299,1027,882477
1688127331550,1064,883541
1688127332485,959,884500
1688127333424,901,885401
1688127334361,959,886360
1688127335298,1027,887387
1688127336550,992,888379
1688127337487,1009,889388
1688127338422,1084,890472
1688127339360,1084,891556
1688127341551,1084,892640
1688127342486,1125,893765
1688127343426,1045,894810
1688127344363,1009,895819
1688127345611,1045,896864
1688127346552,1009,897873
1688127348425,1027,898900
1688127349362,929,899829
1688127350612,825,900654
1688127350624,836,901490
1688127351549,836,902326
1688127352488,861,903187
1688127353426,929,904116
1688127354362,1084,905200
1688127355610,1105,906305
1688127356550,1009,907314
1688127357487,992,908306
1688127358423,1009,909315
1688127359361,976,910291
1688127360611,992,911283
1688127361547,1045,912328
1688127363425,1084,913412
1688127364361,1125,914537
1688127365613,1125,915662
1688127366549,1105,916767
1688127367485,1084,917851
1688127368423,1027,918878
1688127369362,915,919793
1688127370611,874,920667
1688127371550,929,921596
1688127372487,959,922555
1688127373423,944,923499
1688127374674,976,924475
1688127375613,1027,925502
1688127376549,976,926478
1688127377487,976,927454
1688127378425,1064,928518
1688127379361,1045,929563
1688127380613,992,930555
1688127381548,944,931499
1688127382487,944,932443
1688127383423,1009,933452
1688127384361,1009,934461
1688127385610,959,935420
1688127386549,959,936379
1688127387487,1027,937406
1688127388424,1027,938433
1688127389361,992,939425
1688127390610,1027,940452
1688127391549,1045,941497
1688127392486,1027,942524
1688127393423,929,943453
1688127394361,929,944382
1688127395610,929,945311
1688127396548,874,946185
1688127397486,861,947046
1688127398425,874,947920
1688127399361,915,948835
1688127400611,992,949827
1688127401548,1045,950872
1688127402485,1009,951881
1688127403424,1027,952908
1688127404363,1105,954013
1688127405614,1105,955118
1688127406549,1027,956145
1688127407487,1009,957154
1688127408424,992,958146
1688127409360,959,959105
1688127410613,976,960081
1688127411549,976,961057
1688127412486,959,962016
1688127413425,959,962975
1688127414362,976,963951
1688127415613,959,964910
1688127416550,929,965839
1688127417486,959,966798
1688127418426,1009,967807
1688127419361,976,968783
1688127420611,944,969727
1688127421549,976,970703
1688127422487,1009,971712
1688127423425,992,972704
1688127424363,915,973619
1688127425611,915,974534
1688127426549,944,975478
1688127427486,959,976437
1688127428424,959,977396
1688127429362,992,978388
1688127430610,1009,979397
1688127431547,1027,980424
1688127432485,992,981416
1688127433423,976,982392
1688127434363,976,983368
1688127435611,1009,984377
1688127436548,1027,985404
1688127437486,959,986363
1688127438423,959,987322
1688127439363,1064,988386
1688127440612,1105,989491
1688127441550,1027,990518
1688127442488,959,991477
1688127443425,976,992453
1688127444360,1027,993480
1688127445613,887,994367
1688127447485,901,995268
1688127448425,1084,996352
1688127449361,1105,997457
1688127450613,992,998449
1688127451550,959,999408
1688127452798,992,1000400
1688127453425,944,1001344
1688127454361,959,1002303
1688127455613,1064,1003367
1688127456548,1064,1004431
1688127458425,1064,1005495
1688127459361,1045,1006540
1688127460613,1045,1007585
1688127462486,1125,1008710
1688127463425,1125,1009835
1688127464361,1064,1010899
1688127465611,1027,1011926
1688127466548,992,1012918
1688127467488,1027,1013945
1688127468423,1064,1015009
1688127469362,1045,1016054
1688127471549,1045,1017099
1688127472485,1045,1018144
1688127473423,1045,1019189
1688127474362,1084,1020273
1688127475613,992,1021265
1688127476550,944,1022209
1688127477486,1009,1023218
1688127478423,1064,1024282
1688127479363,1171,1025453
1688127480611,1064,1026517
1688127481550,887,1027404
1688127482488,848,1028252
1688127483423,901,1029153
1688127484361,959,1030112
1688127485612,1045,1031157
1688127486549,1105,1032262
1688127487486,1064,1033326
1688127488425,1045,1034371
1688127489361,976,1035347
1688127490610,976,1036323
1688127491550,1045,1037368
1688127492488,1105,1038473
1688127493423,1171,1039644
1688127496548,1246,1040890
1688127497488,1125,1042015
1688127497500,887,1042902
1688127498425,813,1043715
1688127499673,836,1044551
1688127500610,915,1045466
1688127501548,992,1046458
1688127502486,1045,1047503
1688127503424,1084,1048587
1688127504673,1105,1049692
1688127505612,1084,1050776
1688127507485,1045,1051821
1688127507497,976,1052797
1688127508423,944,1053741
1688127509673,959,1054700
1688127510612,836,1055536
1688127512487,836,1056372
1688127514674,1009,1057381
1688127514685,992,1058373
1688127516548,976,1059349
1688127516561,959,1060308
1688127517487,874,1061182
1688127518422,959,1062141
1688127519676,1045,1063186
1688127520611,1045,1064231
1688127522487,1045,1065276
1688127523424,1084,1066360
1688127524675,1064,1067424
1688127525613,1064,1068488
1688127526549,1045,1069533
1688127527487,1009,1070542
1688127528424,992,1071534
1688127529675,992,1072526
1688127530615,1009,1073535
1688127531549,1084,1074619
1688127532488,1084,1075703
1688127533426,1084,1076787
1688127534674,1148,1077935
1688127536549,1171,1079106
1688127537486,1125,1080231
1688127538424,976,1081207
1688127538435,848,1082055
1688127539675,836,1082891
1688127540610,836,1083727
1688127541548,1009,1084736
1688127543424,1148,1085884
1688127543435,959,1086843
1688127546549,944,1087787
1688127547485,1084,1088871
1688127548425,1045,1089916
1688127549673,976,1090892
1688127550613,1009,1091901
1688127551550,1105,1093006
1688127552486,1148,1094154
1688127553423,1045,1095199
1688127554675,992,1096191
1688127555612,944,1097135
1688127556548,976,1098111
1688127558423,1148,1099259
1688127558435,1027,1100286
1688127561550,1009,1101295
1688127562486,1009,1102304
1688127563423,813,1103117
1688127564674,801,1103918
1688127564686,801,1104719
1688127565613,861,1105580
1688127566548,1009,1106589
1688127568423,1064,1107653
1688127569672,1105,1108758
1688127570611,1125,1109883
1688127571549,1105,1110988
1688127573425,1027,1112015
1688127574675,976,1112991
1688127575611,976,1113967
1688127576548,992,1114959
1688127577486,1084,1116043
1688127578424,1125,1117168
1688127580613,1195,1118363
1688127581549,1220,1119583
1688127582485,1171,1120754
1688127583425,1084,1121838
1688127584674,1045,1122883
1688127585611,1009,1123892
1688127586548,976,1124868
1688127587486,944,1125812
1688127588422,874,1126686
1688127589674,791,1127477
1688127589684,813,1128290
1688127590610,813,1129103
1688127591550,836,1129939
1688127592487,929,1130868
1688127593424,1045,1131913
1688127595610,1148,1133061
1688127596549,1148,1134209
1688127597486,1105,1135314
1688127598425,1045,1136359
1688127599673,1045,1137404
1688127601549,1246,1138650
1688127602487,1148,1139798
1688127603423,915,1140713
1688127604674,944,1141657
1688127605611,1045,1142702
1688127606549,1105,1143807
1688127607487,1064,1144871
1688127608424,992,1145863
1688127610610,929,1146792
1688127611548,874,1147666
1688127612486,801,1148467
1688127613425,801,1149268
1688127613436,848,1150116
1688127614675,861,1150977
1688127615610,874,1151851
1688127616548,901,1152752
1688127617484,959,1153711
1688127618424,959,1154670
1688127619675,944,1155614
1688127620611,915,1156529
1688127621549,861,1157390
1688127622485,874,1158264
1688127623423,944,1159208
1688127624676,1027,1160235
1688127625611,1045,1161280
1688127626549,1084,1162364
1688127627487,1148,1163512
1688127628425,1195,1164707
1688127630611,1195,1165902
1688127631550,1171,1167073
1688127632486,1171,1168244
1688127633425,1171,1169415
1688127634675,1171,1170586
1688127635610,1125,1171711
1688127637486,1105,1172816
1688127638425,1125,1173941
1688127639673,1148,1175089
1688127640610,1125,1176214
1688127641549,1045,1177259
1688127642486,944,1178203
1688127643737,959,1179162
1688127644673,992,1180154
1688127645610,915,1181069
1688127646548,901,1181970
1688127647486,929,1182899
1688127648736,874,1183773
1688127649674,874,1184647
1688127650611,959,1185606
1688127651550,992,1186598
1688127651561,915,1187513
1688127652485,915,1188428
1688127653738,976,1189404
1688127654674,929,1190333
1688127655610,887,1191220
1688127656549,944,1192164
1688127657485,1027,1193191
1688127658736,1045,1194236
1688127659674,976,1195212
1688127660612,976,1196188
1688127661549,1027,1197215
1688127662486,1009,1198224
1688127664049,976,1199200
1688127664674,992,1200192
1688127665610,1045,1201237
1688127666549,1045,1202282
1688127668735,1027,1203309
1688127669675,1084,1204393
1688127670610,1105,1205498
1688127671550,1009,1206507
1688127672485,1009,1207516
1688127673735,1105,1208621
1688127674675,1045,1209666
1688127675610,992,1210658
1688127676550,1027,1211685
1688127677485,1064,1212749
1688127678737,992,1213741
1688127679672,992,1214733
1688127680610,1084,1215817
1688127681547,1064,1216881
1688127682485,992,1217873
1688127683737,1045,1218918
1688127685609,1105,1220023
1688127686548,1064,1221087
1688127687485,976,1222063
1688127688734,1027,1223090
1688127689673,1045,1224135
1688127690609,976,1225111
1688127691548,992,1226103
1688127692485,1084,1227187
1688127693736,1084,1228271
1688127694673,1009,1229280
1688127695611,1027,1230307
1688127696549,1084,1231391
1688127697485,1064,1232455
1688127698737,992,1233447
1688127699674,1009,1234456
1688127700611,1084,1235540
1688127701549,1027,1236567
1688127702485,959,1237526
1688127703735,992,1238518
1688127704673,992,1239510
1688127705613,944,1240454
1688127706549,944,1241398
1688127707485,1009,1242407
1688127709048,1045,1243452
1688127709986,1009,1244461
1688127710610,1027,1245488
1688127712485,1084,1246572
1688127713735,1084,1247656
1688127714672,992,1248648
1688127715609,976,1249624
1688127716548,1064,1250688
1688127717487,1045,1251733
1688127718736,976,1252709
1688127719672,1027,1253736
1688127720610,1064,1254800
1688127721547,1027,1255827
1688127722487,1009,1256836
1688127723735,1084,1257920
1688127724674,1105,1259025
1688127725923,1027,1260052
1688127726547,1009,1261061
1688127727799,1064,1262125
1688127728736,1045,1263170
1688127729675,1009,1264179
1688127730613,1045,1265224
1688127732486,1105,1266329
1688127733736,1027,1267356
1688127734673,1027,1268383
1688127735612,1105,1269488
1688127736548,1064,1270552
1688127737488,976,1271528
1688127738737,992,1272520
1688127739673,1064,1273584
1688127740612,1027,1274611
1688127741549,1009,1275620
1688127742487,1064,1276684
1688127743735,1009,1277693
1688127744672,976,1278669
1688127745611,1045,1279714
1688127746550,1027,1280741
1688127747486,1009,1281750
1688127748735,1064,1282814
1688127749673,1084,1283898
1688127750611,1027,1284925
1688127751548,1009,1285934
1688127753735,1064,1286998
1688127754673,1027,1288025
1688127755610,992,1289017
1688127756548,1009,1290026
1688127757486,992,1291018
1688127758736,1064,1292082
1688127759674,1125,1293207
1688127760612,1064,1294271
1688127761547,1084,1295355
1688127762485,1148,1296503
1688127763735,1084,1297587
1688127764674,1027,1298614
1688127765610,1064,1299678
1688127766549,1045,1300723
1688127767485,976,1301699
1688127768736,959,1302658
1688127770610,1064,1303722
1688127771548,1045,1304767
1688127772486,1009,1305776
1688127773736,1084,1306860
1688127774675,1105,1307965
1688127775611,1009,1308974
1688127776548,992,1309966
1688127777486,1045,1311011
1688127778738,959,1311970
1688127779673,915,1312885
1688127780610,992,1313877
1688127781548,1045,1314922
1688127782486,1009,1315931
1688127783736,1009,1316940
1688127784673,1105,1318045
1688127785611,1084,1319129
1688127786550,1064,1320193
1688127787488,1084,1321277
1688127788737,1084,1322361
1688127789673,1009,1323370
1688127790610,992,1324362
1688127792798,1084,1325446
1688127793735,1064,1326510
1688127794673,1045,1327555
1688127795610,1125,1328680
1688127796547,1084,1329764
1688127797800,1009,1330773
1688127798735,1045,1331818
1688127799674,1027,1332845
1688127800612,976,1333821
1688127801549,1064,1334885
1688127802800,1148,1336033
1688127804674,1220,1337253
1688127812797,1045,1338298
1688127813738,781,1339079
1688127814672,801,1339880
1688127814682,801,1340681
1688127815611,825,1341506
1688127816861,825,1342331
1688127817797,813,1343144
1688127818735,836,1343980
1688127819675,770,1344750
1688127819686,713,1345463
1688127820610,722,1346185
1688127821548,750,1346935
1688127822798,836,1347771
1688127823735,976,1348747
1688127824672,1009,1349756
1688127825610,992,1350748
1688127826547,1064,1351812
1688127827798,1125,1352937
1688127828737,1148,1354085
1688127829674,1125,1355210
1688127831547,1125,1356335
1688127832798,1105,1357440
1688127833737,1084,1358524
1688127834675,1084,1359608
1688127835611,1105,1360713
1688127836547,1105,1361818
1688127837799,1105,1362923
1688127838736,1105,1364028
1688127839673,1064,1365092
1688127840610,1045,1366137
1688127841549,929,1367066
1688127842800,874,1367940
1688127844048,915,1368855
1688127844673,1027,1369882
1688127845922,1148,1371030
1688127847798,1148,1372178
1688127848735,1125,1373303
1688127849673,1171,1374474
1688127850611,1195,1375669
1688127851549,1220,1376889
1688127853735,1171,1378060
1688127854675,1125,1379185
1688127855611,1084,1380269
1688127856549,1027,1381296
1688127857798,959,1382255
1688127858736,874,1383129
1688127858749,836,1383965
1688127860612,992,1384957
1688127862798,1045,1386002
1688127863735,848,1386850
1688127863747,813,1387663
1688127866548,944,1388607
1688127867798,1064,1389671
1688127869675,959,1390630
1688127870611,813,1391443
1688127871547,861,1392304
1688127872797,915,1393219
1688127873737,992,1394211
1688127874672,1045,1395256
1688127875613,959,1396215
1688127876549,915,1397130
1688127877798,929,1398059
1688127878736,944,1399003
1688127879673,976,1399979
1688127879684,959,1400938
1688127880610,929,1401867
1688127881547,944,1402811
1688127882799,976,1403787
1688127883735,976,1404763
1688127884675,992,1405755
1688127885611,1027,1406782
1688127886549,1009,1407791
1688127887797,976,1408767
1688127888735,976,1409743
1688127889674,929,1410672
1688127890612,901,1411573
1688127891548,929,1412502
1688127892798,976,1413478
1688127893735,944,1414422
1688127894675,929,1415351
1688127895612,959,1416310
1688127896548,944,1417254
1688127897800,915,1418169
1688127898735,944,1419113
1688127899672,976,1420089
1688127900609,959,1421048
1688127901550,929,1421977
1688127902797,976,1422953
1688127903737,976,1423929
1688127904675,944,1424873
1688127905612,959,1425832
1688127906548,976,1426808
1688127907797,929,1427737
1688127908736,929,1428666
1688127909672,976,1429642
1688127910610,959,1430601
1688127911548,959,1431560
1688127912798,992,1432552
1688127913738,976,1433528
1688127914674,929,1434457
1688127914686,929,1435386
1688127915610,929,1436315
1688127916549,915,1437230
1688127917798,929,1438159
1688127918736,976,1439135
1688127919675,992,1440127
1688127920610,976,1441103
1688127921548,992,1442095
1688127922796,976,1443071
1688127923735,944,1444015
1688127924672,944,1444959
1688127925611,959,1445918
1688127926548,944,1446862
1688127927798,915,1447777
1688127928734,959,1448736
1688127929673,929,1449665
1688127930612,901,1450566
1688127931860,915,1451481
1688127932797,929,1452410
1688127933735,929,1453339
1688127934672,887,1454226
1688127935610,901,1455127
1688127936860,944,1456071
1688127936871,959,1457030
1688127937799,929,1457959
1688127938736,944,1458903
1688127939672,959,1459862
1688127940609,915,1460777
1688127941860,887,1461664
1688127942799,901,1462565
1688127943735,874,1463439
1688127944675,861,1464300
1688127945611,887,1465187
1688127946860,887,1466074
1688127947797,861,1466935
1688127947809,836,1467771
1688127948736,861,1468632
1688127949675,874,1469506
1688127950610,848,1470354
1688127951861,825,1471179
1688127952798,836,1472015
1688127953735,848,1472863
1688127953747,836,1473699
1688127954675,836,1474535
1688127955610,848,1475383
1688127956860,874,1476257
1688127957799,861,1477118
1688127958735,848,1477966
1688127959673,861,1478827
1688127960611,874,1479701
1688127960619,836,1480537
1688127961860,836,1481373
1688127962797,887,1482260
1688127963734,887,1483147
1688127964673,874,1484021
1688127965612,874,1484895
1688127966859,901,1485796
1688127967797,887,1486683
1688127968735,861,1487544
1688127968746,861,1488405
1688127969671,848,1489253
1688127970612,825,1490078
1688127971860,825,1490903
1688127972798,836,1491739
1688127973736,825,1492564
1688127973747,801,1493365
1688127974672,801,1494166
1688127975610,836,1495002
1688127976861,836,1495838
1688127977797,813,1496651
1688127978736,813,1497464
1688127978747,836,1498300
1688127979673,848,1499148
1688127980612,825,1499973
1688127981860,836,1500809
1688127982797,874,1501683
1688127983735,861,1502544
1688127984673,813,1503357
1688127984684,801,1504158
1688127985610,825,1504983
1688127986860,813,1505796
1688127987799,791,1506587
1688127988735,801,1507388
1688127989673,861,1508249
1688127989685,874,1509123
1688127990611,861,1509984
1688127991859,887,1510871
1688127992798,929,1511800
1688127993735,915,1512715
1688127994673,874,1513589
1688127995611,874,1514463
1688127996860,887,1515350
1688127997797,887,1516237
1688127998735,861,1517098
1688127999672,874,1517972
1688127999684,915,1518887
1688128000611,887,1519774
1688128001861,861,1520635
1688128002800,901,1521536
1688128003736,944,1522480
1688128004672,915,1523395
1688128005610,915,1524310
1688128006861,944,1525254
1688128007797,929,1526183
1688128008735,887,1527070
1688128009672,874,1527944
1688128010609,901,1528845
1688128010626,901,1529746
1688128011862,887,1530633
1688128012799,929,1531562
1688128013738,959,1532521
1688128014672,929,1533450
1688128015610,901,1534351
1688128016861,915,1535266
1688128017799,915,1536181
1688128018737,848,1537029
1688128019672,825,1537854
1688128020611,848,1538702
1688128020622,874,1539576
1688128021859,848,1540424
1688128022798,825,1541249
1688128023737,848,1542097
1688128024672,887,1542984
1688128025610,874,1543858
1688128026860,848,1544706
1688128027797,874,1545580
1688128028735,929,1546509
1688128028746,929,1547438
1688128029675,874,1548312
1688128030610,825,1549137
1688128031859,825,1549962
1688128032797,813,1550775
1688128033736,781,1551556
1688128033748,801,1552357
1688128034672,861,1553218
1688128035612,915,1554133
1688128036860,901,1555034
1688128037797,874,1555908
1688128038734,887,1556795
1688128039672,861,1557656
1688128040610,791,1558447
1688128040621,781,1559228
1688128041860,825,1560053
1688128042798,836,1560889
1688128043736,813,1561702
1688128044673,801,1562503
1688128045609,836,1563339
1688128046860,874,1564213
1688128046874,848,1565061
1688128047800,848,1565909
1688128048735,887,1566796
1688128049675,887,1567683
1688128050610,887,1568570
1688128051860,915,1569485
1688128052798,944,1570429
1688128053738,944,1571373
1688128054673,929,1572302
1688128055611,976,1573278
1688128056863,992,1574270
1688128057798,944,1575214
1688128058736,1045,1576259
1688128059673,992,1577251
1688128061860,887,1578138
1688128062797,915,1579053
1688128063737,825,1579878
1688128064674,825,1580703
1688128064685,801,1581504
1688128065612,741,1582245
1688128066860,732,1582977
1688128067797,750,1583727
1688128067807,770,1584497
1688128070611,770,1585267
1688128071862,825,1586092
1688128072798,781,1586873
1688128072812,665,1587538
1688128073734,658,1588196
1688128074674,623,1588819
1688128074689,623,1589442
1688128075925,658,1590100
1688128076860,665,1590765
1688128076874,705,1591470
1688128077799,770,1592240
1688128078735,791,1593031
1688128079672,848,1593879
1688128080610,813,1594692
1688128082800,836,1595528
1688128083735,1009,1596537
1688128084675,1009,1597546
1688128085925,992,1598538
1688128086861,1064,1599602
1688128088113,1045,1600647
1688128088735,1084,1601731
1688128090924,1220,1602951
1688128091861,1273,1604224
1688128093738,1301,1605525
1688128094674,1064,1606589
1688128094687,791,1607380
1688128098736,688,1608068
1688128099673,722,1608790
1688128100922,760,1609550
1688128104673,813,1610363
1688128105923,887,1611250
1688128106861,861,1612111
1688128108734,1045,1613156
1688128109674,1273,1614429
1688128110924,1273,1615702
1688128112797,1246,1616948
1688128112810,1064,1618012
1688128114671,1195,1619207
1688128115922,1246,1620453
1688128117172,1105,1621558
1688128117798,1045,1622603
1688128119674,1220,1623823
1688128120923,1301,1625124
1688128121861,959,1626083
1688128122798,929,1627012
1688128123735,1064,1628076
1688128124674,1171,1629247
1688128125923,1220,1630467
1688128126860,1195,1631662
1688128128736,1171,1632833
1688128129674,1125,1633958
1688128130922,1148,1635106
1688128131861,1195,1636301
1688128132797,1171,1637472
1688128134985,1220,1638692
1688128135922,1171,1639863
1688128136860,1148,1641011
1688128137797,1220,1642231
1688128138734,1246,1643477
1688128140924,1220,1644697
1688128141860,1045,1645742
1688128142797,944,1646686
1688128143734,992,1647678
1688128144672,1045,1648723
1688128145925,1195,1649918
1688128146861,1148,1651066
1688128148734,1064,1652130
1688128149672,1171,1653301
1688128150924,1148,1654449
1688128151861,1171,1655620
1688128152797,1220,1656840
1688128155922,1125,1657965
1688128156861,1125,1659090
1688128157799,1171,1660261
1688128158736,1195,1661456
1688128160923,1171,1662627
1688128161860,992,1663619
1688128162797,836,1664455
1688128163737,825,1665280
1688128164672,861,1666141
1688128167798,1125,1667266
1688128168736,1331,1668597
1688128169984,1301,1669898
1688128171858,1246,1671144
1688128172797,1064,1672208
1688128172810,901,1673109
1688128173737,848,1673957
1688128174673,874,1674831
1688128176859,1125,1675956
1688128177797,1331,1677287
1688128178736,1273,1678560
1688128179673,1220,1679780
1688128181859,1220,1681000
1688128182799,1125,1682125
1688128183735,944,1683069
1688128183748,861,1683930
1688128184672,915,1684845
1688128187172,1171,1686016
1688128187798,1331,1687347
1688128188736,1273,1688620
1688128190924,1220,1689840
1688128191860,1148,1690988
1688128192797,992,1691980
1688128193737,861,1692841
1688128193748,825,1693666
1688128194672,861,1694527
1688128197799,1105,1695632
1688128198736,1331,1696963
1688128200923,1301,1698264
1688128201859,1220,1699484
1688128202799,1045,1700529
1688128203735,887,1701416
1688128204673,836,1702252
1688128205921,901,1703153
1688128206859,1125,1704278
1688128207797,1301,1705579
1688128208736,1273,1706852
1688128210922,1220,1708072
1688128211859,1171,1709243
1688128212797,1009,1710252
1688128213735,848,1711100
1688128213744,836,1711936
1688128214673,901,1712837
1688128216859,1171,1714008
1688128217796,1362,1715370
1688128218734,1301,1716671
1688128220923,1301,1717972
1688128222172,1220,1719192
1688128223109,1064,1720256
1688128223737,901,1721157
1688128224985,848,1722005
1688128225924,901,1722906
1688128226860,1148,1724054
1688128227799,1331,1725385
1688128229985,1301,1726686
1688128230924,1273,1727959
1688128231860,1195,1729154
1688128232797,992,1730146
1688128233735,861,1731007
1688128234984,848,1731855
1688128235922,944,1732799
1688128236862,1220,1734019
1688128237799,1362,1735381
1688128239984,1331,1736712
1688128240922,1273,1737985
1688128241861,1171,1739156
1688128242797,992,1740148
1688128243735,874,1741022
1688128244984,861,1741883
1688128245922,915,1742798
1688128246859,1195,1743993
1688128248735,1394,1745387
1688128249985,1331,1746718
1688128250922,1301,1748019
1688128251860,1171,1749190
1688128252797,959,1750149
1688128253736,848,1750997
1688128254985,848,1751845
1688128255923,1125,1752970
1688128257798,1362,1754332
1688128258734,1331,1755663
1688128260297,1273,1756936
1688128260922,1220,1758156
1688128262171,1064,1759220
1688128262799,915,1760135
1688128263735,874,1761009
1688128264984,901,1761910
1688128266860,1148,1763058
1688128267800,1362,1764420
1688128268735,1301,1765721
1688128269985,1246,1766967
1688128271859,1195,1768162
1688128272799,1045,1769207
1688128272810,874,1770081
1688128273734,825,1770906
1688128274984,848,1771754
1688128276860,1105,1772859
1688128277798,1331,1774190
1688128278734,1301,1775491
1688128279985,1273,1776764
1688128281860,1171,1777935
1688128281872,976,1778911
1688128282797,836,1779747
1688128283736,825,1780572
1688128284987,861,1781433
1688128285922,1084,1782517
1688128287797,1301,1783818
1688128288735,1273,1785091
1688128289985,1220,1786311
1688128290923,1148,1787459
1688128291859,1009,1788468
1688128292797,861,1789329
1688128293736,813,1790142
1688128294985,836,1790978
1688128295924,944,1791922
1688128296859,1171,1793093
1688128297797,1273,1794366
1688128299985,1246,1795612
1688128300924,1220,1796832
1688128301861,1148,1797980
1688128302798,992,1798972
1688128303737,874,1799846
1688128304984,848,1800694
1688128305925,929,1801623
1688128306859,1195,1802818
1688128307798,1362,1804180
1688128310299,1301,1805481
1688128310924,1246,1806727
1688128311862,1171,1807898
1688128312798,1009,1808907
1688128313736,861,1809768
1688128314984,836,1810604
1688128315922,887,1811491
1688128316859,1148,1812639
1688128317797,1331,1813970
1688128318734,1273,1815243
1688128320924,1246,1816489
1688128321859,1171,1817660
1688128322797,992,1818652
1688128323734,848,1819500
1688128323746,836,1820336
1688128324985,887,1821223
1688128326860,1171,1822394
1688128327797,1362,1823756
1688128328734,1301,1825057
1688128330922,1246,1826303
1688128331859,1195,1827498
1688128332797,1027,1828525
1688128333736,861,1829386
1688128333744,836,1830222
1688128334986,874,1831096
1688128336858,1125,1832221
1688128337800,1362,1833583
1688128338736,1301,1834884
1688128340922,1273,1836157
1688128341859,1148,1837305
1688128342799,959,1838264
1688128342810,848,1839112
1688128343734,861,1839973
1688128344985,992,1840965
1688128346861,1220,1842185
1688128347797,1331,1843516
1688128348736,1273,1844789
1688128350921,1246,1846035
1688128351859,1027,1847062
1688128351869,836,1847898
1688128353737,959,1848857
1688128353749,1009,1849866
1688128354986,825,1850691
1688128356859,741,1851432
1688128357796,836,1852268
1688128359050,791,1853059
1688128359986,760,1853819
1688128360925,813,1854632
1688128360938,848,1855480
1688128361860,944,1856424
1688128364049,1027,1857451
1688128364985,915,1858366
1688128365923,874,1859240
1688128367172,1009,1860249
1688128367799,1027,1861276
1688128369049,1027,1862303
1688128369985,976,1863279
1688128370922,929,1864208
1688128371860,901,1865109
1688128371874,861,1865970
1688128372797,861,1866831
1688128374047,887,1867718
1688128374985,976,1868694
1688128375922,1045,1869739
1688128377797,1220,1870959
1688128379047,1171,1872130
1688128379983,901,1873031
1688128380922,901,1873932
1688128381862,944,1874876
1688128382797,901,1875777
1688128384049,861,1876638
1688128384985,976,1877614
1688128385921,1148,1878762
1688128386859,1171,1879933
1688128389050,1171,1881104
1688128390298,1045,1882149
1688128391859,944,1883093
1688128391867,874,1883967
1688128393110,848,1884815
1688128394049,901,1885716
1688128394985,1009,1886725
1688128396859,1171,1887896
1688128397798,1195,1889091
1688128399360,1105,1890196
1688128400297,1027,1891223
1688128400924,1009,1892232
1688128401860,1027,1893259
1688128402797,1045,1894304
1688128404985,1045,1895349
1688128405922,1045,1896394
1688128406861,1064,1897458
1688128407798,944,1898402
1688128410925,944,1899346
1688128411859,1105,1900451
1688128412799,1064,1901515
1688128414359,1045,1902560
1688128414984,1064,1903624
1688128415922,1045,1904669
1688128416860,1045,1905714
1688128417797,992,1906706
1688128419048,959,1907665
1688128419985,929,1908594
1688128420922,887,1909481
1688128422173,944,1910425
1688128422799,1045,1911470
1688128424985,1171,1912641
1688128425923,1105,1913746
1688128426859,976,1914722
1688128427797,992,1915714
1688128429049,992,1916706
1688128430923,848,1917554
1688128432172,665,1918219
1688128432797,732,1918951
1688128434048,813,1919764
1688128434986,813,1920577
1688128435923,887,1921464
1688128436861,976,1922440
1688128437798,1084,1923524
1688128439049,1195,1924719
1688128440922,1148,1925867
1688128441862,1009,1926876
1688128441876,901,1927777
1688128443109,861,1928638
1688128444049,976,1929614
1688128445926,1171,1930785
1688128447172,1246,1932031
1688128447797,1246,1933277
1688128449046,1084,1934361
1688128449985,1009,1935370
1688128450923,976,1936346
1688128451861,887,1937233
1688128452799,887,1938120
1688128454360,915,1939035
1688128454984,915,1939950
1688128455921,874,1940824
1688128456861,848,1941672
1688128456874,813,1942485
1688128459048,770,1943255
1688128459985,665,1943920
1688128460924,580,1944500
1688128462797,616,1945116
1688128474986,874,1945990
1688128475923,1171,1947161
1688128476862,1125,1948286
1688128479047,1045,1949331
1688128479985,1171,1950502
1688128482175,1195,1951697
1688128483111,1105,1952802
1688128484046,944,1953746
1688128484984,825,1954571
1688128484998,861,1955432
1688128486860,1009,1956441
1688128488112,1220,1957661
1688128489048,1301,1958962
1688128489984,1171,1960133
1688128490921,1009,1961142
1688128491859,1084,1962226
1688128494048,1195,1963421
1688128494985,1148,1964569
1688128496235,1027,1965596
1688128498111,1045,1966641
1688128499985,1027,1967668
1688128500921,992,1968660
1688128501860,992,1969652
1688128501871,861,1970513
1688128503112,874,1971387
1688128504985,1220,1972607
1688128505922,1171,1973778
1688128506860,976,1974754
1688128508110,1195,1975949
1688128509047,1220,1977169
1688128511860,1084,1978253
1688128513110,959,1979212
1688128514047,770,1979982
1688128514987,750,1980732
1688128515000,801,1981533
1688128515924,825,1982358
1688128516862,836,1983194
1688128518110,801,1983995
1688128519047,874,1984869
1688128519985,861,1985730
1688128520921,801,1986531
1688128520933,825,1987356
1688128521862,791,1988147
1688128523112,836,1988983
1688128524048,976,1989959
1688128524984,992,1990951
1688128525921,915,1991866
1688128526860,944,1992810
1688128528111,1064,1993874
1688128529050,1084,1994958
1688128529985,1045,1996003
1688128530923,1125,1997128
1688128533110,1195,1998323
1688128534048,1171,1999494
1688128534986,1045,2000539
1688128536235,1009,2001548
1688128536859,1045,2002593
1688128538110,959,2003552
1688128539050,959,2004511
1688128539985,1084,2005595
1688128540924,1105,2006700
1688128541859,1027,2007727
1688128543109,1064,2008791
1688128544048,1148,2009939
1688128544985,1064,2011003
1688128546859,1027,2012030
1688128548423,1105,2013135
1688128549360,1084,2014219
1688128549985,1009,2015228
1688128550922,1027,2016255
1688128551859,1084,2017339
1688128553423,1009,2018348
1688128554047,1027,2019375
1688128554985,1195,2020570
1688128556861,1220,2021790
1688128558112,1171,2022961
1688128559047,1171,2024132
1688128559985,1148,2025280
1688128560921,1125,2026405
1688128561859,1195,2027600
1688128564049,1148,2028748
1688128564985,1148,2029896
1688128565922,1246,2031142
1688128567173,1148,2032290
1688128568111,1148,2033438
1688128570298,1195,2034633
1688128571234,1084,2035717
1688128571860,1125,2036842
1688128573425,1105,2037947
1688128574985,1084,2039031
1688128575924,1171,2040202
1688128576860,1064,2041266
1688128578109,929,2042195
1688128579048,887,2043082
1688128580297,959,2044041
1688128580923,929,2044970
1688128581860,915,2045885
1688128583109,1027,2046912
1688128584049,1084,2047996
1688128584984,976,2048972
1688128585923,929,2049901
1688128586859,992,2050893
1688128588112,1009,2051902
1688128589046,976,2052878
1688128589984,1027,2053905
1688128590923,1148,2055053
1688128593109,1125,2056178
1688128594046,1105,2057283
1688128594985,1148,2058431
1688128595921,1148,2059579
1688128596859,1125,2060704
1688128598112,1148,2061852
1688128599050,1125,2062977
1688128600921,1105,2064082
1688128601859,1148,2065230
1688128603112,1171,2066401
1688128604049,1148,2067549
1688128604986,1195,2068744
1688128607173,1195,2069939
1688128608112,1148,2071087
1688128609047,1195,2072282
1688128609985,1148,2073430
1688128610922,1125,2074555
1688128612172,1171,2075726
1688128614048,1125,2076851
1688128614985,1105,2077956
1688128615922,1125,2079081
1688128617172,1105,2080186
1688128618110,1148,2081334
1688128619047,1171,2082505
1688128620922,1171,2083676
1688128622175,1105,2084781
1688128623110,1105,2085886
1688128624046,1125,2087011
1688128624983,1084,2088095
1688128625922,1105,2089200
1688128627174,1084,2090284
1688128628110,1125,2091409
1688128629049,1148,2092557
1688128630923,1045,2093602
1688128632174,1084,2094686
1688128633110,1195,2095881
1688128634358,1220,2097101
1688128634985,1220,2098321
1688128637172,1195,2099516
1688128638108,1105,2100621
1688128639047,1148,2101769
1688128639985,1125,2102894
1688128640924,1064,2103958
1688128642171,1084,2105042
1688128643110,1027,2106069
1688128644047,1009,2107078
1688128644984,1105,2108183
1688128645922,1045,2109228
1688128647171,1009,2110237
1688128649047,1084,2111321
1688128649060,1009,2112330
1688128650922,959,2113289
1688128650935,959,2114248
1688128652174,901,2115149
1688128653110,874,2116023
1688128654046,861,2116884
1688128654986,944,2117828
1688128655923,1084,2118912
1688128657485,1045,2119957
1688128658111,992,2120949
1688128659047,1064,2122013
1688128660922,1105,2123118
1688128662172,1009,2124127
1688128663112,992,2125119
1688128664049,1084,2126203
1688128664985,1064,2127267
1688128665922,1084,2128351
1688128667173,1195,2129546
1688128668112,1148,2130694
1688128669048,1105,2131799
1688128670922,1195,2132994
1688128672174,1195,2134189
1688128673110,1125,2135314
1688128674046,1171,2136485
1688128674985,1171,2137656
1688128675924,1125,2138781
1688128678112,1195,2139976
1688128679047,1171,2141147
1688128679985,1148,2142295
1688128680923,1220,2143515
1688128682174,1195,2144710
1688128684046,1148,2145858
1688128684986,1195,2147053
1688128685924,1148,2148201
1688128687173,1105,2149306
1688128688109,1171,2150477
1688128689046,1171,2151648
1688128690924,1125,2152773
1688128692173,1171,2153944
1688128693110,1125,2155069
1688128694048,1148,2156217
1688128694985,1171,2157388
1688128695922,1125,2158513
1688128698421,1171,2159684
1688128699049,1171,2160855
1688128699985,1105,2161960
1688128701548,1148,2163108
1688128702172,1125,2164233
1688128703111,1045,2165278
1688128704048,1084,2166362
1688128705923,1125,2167487
1688128707173,1045,2168532
1688128708110,1027,2169559
1688128709049,1105,2170664
1688128709984,1027,2171691
1688128710922,1009,2172700
1688128712171,1084,2173784
1688128713109,1064,2174848
1688128714048,1064,2175912
1688128714984,1125,2177037
1688128716236,1084,2178121
1688128718109,1105,2179226
1688128719049,1148,2180374
1688128719984,1064,2181438
1688128720923,1064,2182502
1688128722172,1105,2183607
1688128723109,1027,2184634
1688128724046,1009,2185643
1688128724984,1064,2186707
1688128725924,1045,2187752
1688128727173,1084,2188836
1688128728111,1148,2189984
1688128729049,1084,2191068
1688128730921,1064,2192132
1688128732172,1084,2193216
1688128733111,1009,2194225
1688128734049,1045,2195270
1688128734984,1105,2196375
1688128735921,1064,2197439
1688128737173,1064,2198503
1688128738112,1105,2199608
1688128739049,1045,2200653
1688128739984,1064,2201717
1688128740923,1125,2202842
1688128743109,1105,2203947
1688128744049,1171,2205118
1688128744984,1125,2206243
1688128746234,1084,2207327
1688128747174,1171,2208498
1688128748110,1125,2209623
1688128749986,1125,2210748
1688128751234,1195,2211943
1688128752171,1105,2213048
1688128753109,1105,2214153
1688128754046,1171,2215324
1688128754985,1105,2216429
1688128756237,1125,2217554
1688128758110,1195,2218749
1688128759046,1125,2219874
1688128759984,1125,2220999
1688128761234,1171,2222170
1688128762173,1105,2223275
1688128763110,1125,2224400
1688128764049,1105,2225505
1688128766234,1027,2226532
1688128767487,1084,2227616
1688128768111,1105,2228721
1688128769047,1009,2229730
1688128769984,1009,2230739
1688128771237,1064,2231803
1688128772172,992,2232795
1688128773110,959,2233754
1688128774048,1084,2234838
1688128774985,1027,2235865
1688128776235,959,2236824
1688128777172,1064,2237888
1688128778111,1064,2238952
1688128779049,1045,2239997
1688128779984,1125,2241122
1688128782171,1148,2242270
1688128783110,1105,2243375
1688128784047,1105,2244480
1688128784985,1084,2245564
1688128786235,1064,2246628
1688128787172,1125,2247753
1688128788108,1125,2248878
1688128789047,1045,2249923
1688128789986,1064,2250987
1688128792174,1105,2252092
1688128793110,1084,2253176
1688128794046,1125,2254301
1688128794985,1148,2255449
1688128796235,1084,2256533
1688128797174,1105,2257638
1688128798110,1125,2258763
1688128799359,1064,2259827
1688128801233,1084,2260911
1688128802172,1105,2262016
1688128803109,1064,2263080
1688128804048,1105,2264185
1688128804984,1125,2265310
1688128806234,1084,2266394
1688128807173,1125,2267519
1688128808111,1084,2268603
1688128809047,1027,2269630
1688128811236,1148,2270778
1688128812173,1148,2271926
1688128813111,1084,2273010
1688128814049,1171,2274181
1688128814986,1125,2275306
1688128816549,1084,2276390
1688128817173,1148,2277538
1688128818109,1064,2278602
1688128819984,1064,2279666
1688128821235,1125,2280791
1688128822171,1064,2281855
1688128823108,1084,2282939
1688128824046,1125,2284064
1688128824984,1045,2285109
1688128826235,1045,2286154
1688128827174,1171,2287325
1688128828111,1105,2288430
1688128829046,992,2289422
1688128831237,1027,2290449
1688128831248,992,2291441
1688128833110,1084,2292525
1688128834983,1171,2293696
1688128836235,959,2294655
1688128837173,825,2295480
1688128838111,959,2296439
1688128839046,1105,2297544
1688128839987,1148,2298692
1688128841234,1084,2299776
1688128842172,1027,2300803
1688128843109,1045,2301848
1688128844049,1027,2302875
1688128844986,1009,2303884
1688128846234,992,2304876
1688128847172,959,2305835
1688128848111,929,2306764
1688128849047,959,2307723
1688128849985,1009,2308732
1688128851234,1027,2309759
1688128852172,1009,2310768
1688128854047,1064,2311832
1688128854986,1064,2312896
1688128856236,1045,2313941
1688128857172,1064,2315005
1688128858109,1084,2316089
1688128859047,1045,2317134
1688128859984,1064,2318198
1688128861233,1125,2319323
1688128862173,1045,2320368
1688128863109,1027,2321395
1688128864046,1064,2322459
1688128864984,1009,2323468
1688128866235,1045,2324513
1688128867171,1027,2325540
1688128868111,1009,2326549
1688128869984,1105,2327654
1688128871235,1105,2328759
1688128872172,1064,2329823
1688128873109,1125,2330948
1688128874049,1084,2332032
1688128875296,1064,2333096
1688128876235,1084,2334180
1688128877172,1027,2335207
1688128878110,1084,2336291
1688128880296,1125,2337416
1688128881234,1064,2338480
1688128882172,1125,2339605
1688128883111,1105,2340710
1688128884047,1084,2341794
1688128885296,1125,2342919
1688128886235,1064,2343983
1688128887171,1064,2345047
1688128888111,1125,2346172
1688128890298,1064,2347236
1688128891235,1125,2348361
1688128894047,1045,2349406
1688128895298,887,2350293
1688128896234,874,2351167
1688128896247,836,2352003
1688128897172,861,2352864
1688128898109,874,2353738
1688128899046,848,2354586
1688128900298,848,2355434
1688128901234,836,2356270
1688128901247,770,2357040
1688128902174,760,2357800
1688128903109,825,2358625
1688128904047,813,2359438
1688128905298,801,2360239
1688128906236,848,2361087
1688128907174,929,2362016
1688128908109,959,2362975
1688128909048,929,2363904
1688128910296,959,2364863
1688128911236,976,2365839
1688128911248,929,2366768
1688128912171,929,2367697
1688128914047,1027,2368724
1688128915296,1027,2369751
1688128915306,959,2370710
1688128917171,976,2371686
1688128918110,1084,2372770
1688128919049,1045,2373815
1688128920297,1045,2374860
1688128921233,1148,2376008
1688128922171,1084,2377092
1688128923109,1064,2378156
1688128924047,1125,2379281
1688128925609,1105,2380386
1688128927172,1125,2381511
1688128928109,1105,2382616
1688128929046,1084,2383700
1688128930297,1148,2384848
1688128931237,1084,2385932
1688128932174,1064,2386996
1688128933111,1148,2388144
1688128934046,1105,2389249
1688128936236,1125,2390374
1688128937171,1125,2391499
1688128938109,1125,2392624
1688128939047,1220,2393844
1688128940299,1171,2395015
1688128941235,1084,2396099
1688128943422,1148,2397247
1688128944047,1148,2398395
1688128945296,1084,2399479
1688128946234,1148,2400627
1688128947174,1148,2401775
1688128948108,1125,2402900
1688128949050,1125,2404025
1688128950298,1045,2405070
1688128952172,1084,2406154
1688128953109,1125,2407279
1688128954047,1064,2408343
1688128955297,1148,2409491
1688128956234,1195,2410686
1688128957170,1125,2411811
1688128958112,1105,2412916
1688128962172,1064,2413980
1688128963109,992,2414972
1688128964046,915,2415887
1688128965296,801,2416688
1688128966236,791,2417479
1688128967174,901,2418380
1688128968110,1148,2419528
1688128970297,1273,2420801
1688128971235,1220,2422021
1688128972797,1084,2423105
1688128973110,959,2424064
1688128974046,1027,2425091
1688128975297,1148,2426239
1688128976236,1220,2427459
1688128977172,1195,2428654
1688128979049,1105,2429759
1688128980296,1045,2430804
1688128981548,1084,2431888
1688128982173,1125,2433013
1688128983111,1125,2434138
1688128984049,1105,2435243
1688128985296,1045,2436288
1688128986233,1064,2437352
1688128988108,1171,2438523
1688128989047,1246,2439769
1688128990609,1148,2440917
1688128991234,1105,2442022
1688128992171,1171,2443193
1688128994047,1246,2444439
1688128995299,1148,2445587
1688128996236,1045,2446632
1688128997171,1105,2447737
1688128998108,1148,2448885
1688128999046,1105,2449990
1688129000299,1125,2451115
1688129001234,1171,2452286
1688129002172,1084,2453370
1688129004046,1064,2454434
1688129005299,1084,2455518
1688129006234,1009,2456527
1688129007174,1027,2457554
1688129008109,1084,2458638
1688129009358,1045,2459683
1688129010296,1045,2460728
1688129011235,1084,2461812
1688129012173,1045,2462857
1688129013110,1064,2463921
1688129014049,1045,2464966
1688129015296,1027,2465993
1688129017172,1125,2467118
1688129018110,1084,2468202
1688129019359,1045,2469247
1688129020297,1148,2470395
1688129021234,1105,2471500
1688129022171,1105,2472605
1688129023109,1195,2473800
1688129024671,1064,2474864
1688129025297,959,2475823
1688129026234,1027,2476850
1688129027171,959,2477809
1688129028423,836,2478645
1688129029360,770,2479415
1688129030297,813,2480228
1688129031234,901,2481129
1688129032171,1105,2482234
1688129033108,1246,2483480
1688129034359,1171,2484651
1688129035298,1084,2485735
1688129037485,1125,2486860
1688129038109,1125,2487985
1688129039359,1125,2489110
1688129040299,1125,2490235
1688129041236,1105,2491340
1688129042173,1064,2492404
1688129043111,1064,2493468
1688129044359,1064,2494532
1688129045297,1045,2495577
1688129047174,1064,2496641
1688129048108,1105,2497746
1688129049359,1105,2498851
1688129050296,1105,2499956
1688129051234,1105,2501061
1688129052173,1105,2502166
1688129053109,1171,2503337
1688129055295,1148,2504485
1688129056234,1125,2505610
1688129057171,1171,2506781
1688129058108,1125,2507906
1688129059361,1084,2508990
1688129060296,1171,2510161
1688129061233,1148,2511309
1688129063112,1105,2512414
1688129064359,1148,2513562
1688129065297,1084,2514646
1688129066235,1084,2515730
1688129067172,1148,2516878
1688129068108,1064,2517942
1688129069360,1084,2519026
1688129070296,1105,2520131
1688129072174,1105,2521236
1688129073110,1148,2522384
1688129074360,1064,2523448
1688129075298,1045,2524493
1688129076235,1195,2525688
1688129077171,1171,2526859
1688129078109,1105,2527964
1688129080296,1171,2529135
1688129081234,1105,2530240
1688129082174,1084,2531324
1688129083111,1148,2532472
1688129084359,1105,2533577
1688129085296,1064,2534641
1688129086234,1148,2535789
1688129087173,1084,2536873
1688129088421,1045,2537918
1688129090296,1125,2539043
1688129090305,1009,2540052
1688129091233,901,2540953
1688129092172,959,2541912
1688129093110,887,2542799
1688129094359,901,2543700
1688129098423,915,2544615
1688129099360,741,2545356
1688129102172,603,2545959
1688129102185,557,2546516
1688129103109,680,2547196
1688129104358,848,2548044
1688129105296,887,2548931
1688129106236,750,2549681
1688129106249,580,2550261
1688129109360,552,2550813
1688129110296,597,2551410
1688129111235,591,2552001
1688129112486,636,2552637
1688129112497,650,2553287
1688129113110,629,2553916
1688129114358,658,2554574
1688129114368,672,2555246
1688129115297,688,2555934
1688129116547,713,2556647
1688129117173,732,2557379
1688129117187,741,2558120
1688129118108,705,2558825
1688129119359,713,2559538
1688129119371,697,2560235
1688129120295,665,2560900
1688129121234,672,2561572
1688129121247,688,2562260
1688129122172,722,2562982
1688129123111,722,2563704
1688129124359,760,2564464
1688129125295,825,2565289
1688129126233,874,2566163
1688129129360,1125,2567288
1688129134359,1105,2568393
1688129135297,781,2569174
1688129141235,836,2570010
1688129142484,836,2570846
1688129142496,616,2571462
1688129146234,532,2571994
1688129152173,532,2572526
1688129156234,616,2573142
1688129161233,781,2573923
1688129161241,791,2574714
1688129162173,848,2575562
1688129163423,861,2576423
1688129166234,801,2577224
1688129166248,770,2577994
1688129167171,781,2578775
1688129168421,874,2579649
1688129168434,848,2580497
1688129171235,848,2581345
1688129171247,861,2582206
1688129172172,781,2582987
1688129173422,791,2583778
1688129174358,825,2584603
1688129176545,760,2585363
1688129179358,760,2586123
1688129179373,760,2586883
1688129180296,825,2587708
1688129181235,836,2588544
1688129182172,915,2589459
1688129183420,887,2590346
1688129187170,813,2591159
1688129188421,813,2591972
1688129190295,791,2592763
1688129191546,825,2593588
1688129192172,813,2594401
1688129193423,861,2595262
1688129194358,825,2596087
1688129194370,760,2596847
1688129195296,770,2597617
1688129196233,825,2598442
1688129198421,887,2599329
1688129199670,874,2600203
1688129199679,848,2601051
1688129201236,1027,2602078
1688129202170,1009,2603087
1688129203422,770,2603857
1688129204362,887,2604744
1688129205296,1273,2606017
1688129207171,1246,2607263
1688129208421,901,2608164
1688129208434,781,2608945
1688129209360,750,2609695
1688129210296,813,2610508
1688129211235,801,2611309
1688129212171,781,2612090
1688129212185,760,2612850
1688129213421,760,2613610
1688129214671,791,2614401
1688129215298,770,2615171
1688129216236,836,2616007
1688129217172,825,2616832
1688129218421,697,2617529
1688129219358,732,2618261
1688129221233,861,2619122
1688129222172,944,2620066
1688129223421,944,2621010
1688129224358,861,2621871
1688129225296,861,2622732
1688129226233,1045,2623777
1688129227173,1331,2625108
1688129230296,1273,2626381
1688129232173,1273,2627654
1688129233423,1246,2628900
1688129233435,848,2629748
1688129234360,887,2630635
1688129235296,887,2631522
1688129236235,813,2632335
1688129237170,1027,2633362
1688129239362,1125,2634487
1688129240296,976,2635463
1688129241234,976,2636439
1688129243421,944,2637383
1688129243434,760,2638143
1688129246235,770,2638913
1688129246247,813,2639726
1688129247172,781,2640507
1688129248421,836,2641343
1688129250296,887,2642230
1688129251235,992,2643222
1688129253421,1246,2644468
1688129255295,1331,2645799
1688129256234,1246,2647045
1688129257172,1148,2648193
1688129259358,959,2649152
1688129260295,825,2649977
1688129261233,915,2650892
1688129262170,1027,2651919
1688129264361,944,2652863
1688129267171,836,2653699
1688129268423,813,2654512
1688129271234,836,2655348
1688129272171,944,2656292
1688129273423,1195,2657487
1688129274360,1148,2658635
1688129275296,791,2659426
1688129281860,760,2660186
1688129281873,750,2660936
1688129282483,770,2661706
1688129283421,959,2662665
1688129284359,1148,2663813
1688129285298,1084,2664897
1688129286234,976,2665873
1688129288421,1195,2667068
1688129289359,1331,2668399
1688129290296,1125,2669524
1688129291234,836,2670360
1688129292485,813,2671173
1688129293733,1027,2672200
1688129295295,1064,2673264
1688129297485,1084,2674348
1688129299360,1045,2675393
1688129300295,750,2676143
1688129301239,697,2676840
1688129302484,813,2677653
1688129303422,901,2678554
1688129305297,1246,2679800
1688129308423,1583,2681383
1688129310296,1428,2682811
1688129312483,1331,2684142
1688129312498,1195,2685337
1688129314360,1027,2686364
1688129315299,1195,2687559
1688129316236,1148,2688707
1688129317483,944,2689651
1688129318421,874,2690525
1688129320299,861,2691386
1688129321234,801,2692187
1688129322482,813,2693000
1688129323421,874,2693874
1688129324359,836,2694710
1688129325296,770,2695480
1688129329358,944,2696424
1688129330295,944,2697368
1688129332483,705,2698073
1688129333421,580,2698653
1688129336232,537,2699190
1688129338422,513,2699703
1688129343423,500,2700203
1688129344359,488,2700691
1688129344372,443,2701134
1688129358421,688,2701822
1688129359357,741,2702563
1688129359369,517,2703080
1688129371233,760,2703840
1688129372485,848,2704688
1688129373422,959,2705647
1688129374359,1064,2706711
1688129375295,901,2707612
1688129377486,1105,2708717
1688129378734,1195,2709912
1688129379361,1009,2710921
1688129379374,887,2711808
1688129381233,1064,2712872
1688129384359,1105,2713977
1688129385296,836,2714813
1688129386236,848,2715661
1688129387483,1084,2716745
1688129388421,1027,2717772
1688129388435,750,2718522
1688129390296,688,2719210
1688129390310,722,2719932
1688129393421,722,2720654
1688129395295,750,2721404
1688129396233,770,2722174
1688129396247,750,2722924
1688129397486,722,2723646
1688129398421,713,2724359
1688129402485,705,2725064
1688129403422,813,2725877
1688129404363,976,2726853
1688129406233,1148,2728001
1688129407484,1084,2729085
1688129409358,861,2729946
1688129410296,732,2730678
1688129411236,672,2731350
1688129412485,650,2732000
1688129415298,713,2732713
1688129416545,887,2733600
1688129416552,861,2734461
1688129417484,861,2735322
1688129418421,915,2736237
1688129419358,861,2737098
1688129420296,825,2737923
1688129421858,901,2738824
1688129422483,929,2739753
1688129424358,861,2740614
1688129425296,781,2741395
1688129426547,732,2742127
1688129426561,781,2742908
1688129427486,760,2743668
1688129428420,722,2744390
1688129430295,874,2745264
1688129432484,887,2746151
1688129432497,750,2746901
1688129433421,861,2747762
1688129436547,1027,2748789
1688129438421,959,2749748
1688129439670,825,2750573
1688129440296,791,2751364
1688129440310,760,2752124
1688129441548,688,2752812
1688129443421,643,2753455
1688129443435,658,2754113
1688129444358,688,2754801
1688129445295,672,2755473
1688129448420,636,2756109
1688129449358,705,2756814
1688129449369,713,2757527
1688129450295,760,2758287
1688129452795,741,2759028
1688129452806,680,2759708
1688129453734,672,2760380
1688129454671,680,2761060
1688129454682,705,2761765
1688129455295,781,2762546
1688129457483,1084,2763630
1688129463420,1394,2765024
1688129464358,1331,2766355
1688129467484,1362,2767717
1688129468422,1331,2769048
1688129470295,992,2770040
1688129471546,1084,2771124
1688129477484,1045,2772169
1688129478421,760,2772929
1688129479360,650,2773579
1688129479372,680,2774259
1688129480297,650,2774909
1688129481547,616,2775525
1688129483422,672,2776197
1688129484359,813,2777010
1688129485609,848,2777858
1688129486545,750,2778608
1688129487483,658,2779266
1688129488422,552,2779818
1688129491547,541,2780359
1688129493420,643,2781002
1688129493432,672,2781674
1688129496547,697,2782371
1688129497484,732,2783103
1688129498421,688,2783791
1688129498435,603,2784394
1688129502483,522,2784916
1688129503734,504,2785420
1688129504673,568,2785988
1688129505295,610,2786598
1688129507483,610,2787208
1688129507497,585,2787793
1688129509358,557,2788350
1688129510297,568,2788918
1688129511546,623,2789541
1688129512486,732,2790273
1688129512498,697,2790970
1688129513422,603,2791573
1688129514358,610,2792183
1688129515297,688,2792871
1688129516545,848,2793719
1688129518422,813,2794532
1688129519361,697,2795229
1688129520296,874,2796103
1688129522484,915,2797018
1688129523421,813,2797831
1688129525295,929,2798760
1688129528420,1125,2799885
1688129535608,781,2800666
1688129535620,398,2801064
1688129536546,750,2801814
1688129537795,836,2802650
1688129538421,781,2803431
1688129538433,781,2804212
1688129539358,623,2804835
1688129539371,557,2805392
1688129540610,552,2805944
1688129541546,557,2806501
1688129542485,527,2807028
1688129542498,574,2807602
1688129544361,658,2808260
1688129545608,643,2808903
1688129546546,603,2809506
1688129547483,616,2810122
1688129547497,562,2810684
1688129548422,479,2811163
1688129553423,440,2811603
1688129561545,557,2812160
1688129562482,610,2812770
1688129562490,552,2813322
1688129563419,650,2813972
1688129564357,732,2814704
1688129565608,836,2815540
1688129566545,915,2816455
1688129567795,781,2817236
1688129568422,629,2817865
1688129568435,591,2818456
1688129570610,643,2819099
1688129571547,658,2819757
1688129571562,574,2820331
1688129576546,471,2820802
1688129578423,447,2821249
1688129579359,500,2821749
1688129584358,610,2822359
1688129586547,650,2823009
1688129587483,623,2823632
1688129588421,557,2824189
1688129589358,552,2824741
1688129589371,580,2825321
1688129590609,557,2825878
1688129590622,568,2826446
1688129591545,574,2827020
1688129592482,568,2827588
1688129592494,568,2828156
1688129593421,585,2828741
1688129595608,616,2829357
1688129595622,580,2829937
1688129596548,522,2830459
1688129596561,591,2831050
1688129598420,791,2831841
1688129602483,992,2832833
1688129604358,1171,2834004