timestamp, rr, since_start 

1688126658992,945,6442
1688126659000,992,7434
1688126661336,1078,8512
1688126661348,1148,9660
1688126663380,1132,10792
1688126663392,1093,11885
1688126665477,921,12806
1688126665492,1023,13829
1688126667332,1031,14860
1688126667345,914,15774
1688126669523,890,16664
1688126669535,1078,17742
1688126671327,1085,18827
1688126671340,1039,19866
1688126672594,710,20576
1688126672606,421,20997
1688126674497,804,21801
1688126674510,921,22722
1688126676350,921,23643
1688126676363,929,24572
1688126678203,890,25462
1688126678216,929,26391
1688126679811,890,27281
1688126679825,734,28015
1688126681467,804,28819
1688126681480,804,29623
1688126683272,828,30451
1688126683284,804,31255
1688126685126,953,32208
1688126685140,867,33075
1688126686928,960,34035
1688126686940,750,34785
1688126688828,953,35738
1688126688840,929,36667
1688126690780,968,37635
1688126690793,976,38611
1688126692681,945,39556
1688126692696,953,40509
1688126694192,882,41391
1688126694206,828,42219
1688126695751,632,42851
1688126695759,757,43608
1688126697311,710,44318
1688126697325,742,45060
1688126699017,757,45817
1688126699031,820,46637
1688126701017,960,47597
1688126701032,843,48440
1688126703115,1054,49494
1688126703128,1000,50494
1688126704819,1093,51587
1688126704834,945,52532
1688126706331,695,53227
1688126706346,867,54094
1688126707841,640,54734
1688126707854,726,55460
1688126709305,757,56217
1688126709318,640,56857
1688126710770,765,57622
1688126710783,703,58325
1688126712230,718,59043
1688126712242,679,59722
1688126713596,742,60464
1688126713606,640,61104
1688126715008,710,61814
1688126715022,671,62485
1688126716521,726,63211
1688126716533,726,63937
1688126718032,718,64655
1688126718044,734,65389
1688126719639,773,66162
1688126719653,796,66958
1688126721446,773,67731
1688126721460,851,68582
1688126723246,882,69464
1688126723259,820,70284
1688126725198,914,71198
1688126725211,984,72182
1688126727149,960,73142
1688126727164,929,74071
1688126729146,968,75039
1688126729161,921,75960
1688126731098,1023,76983
1688126731110,1015,77998
1688126733193,890,78888
1688126733208,1039,79927
1688126735339,1031,80958
1688126735352,960,81918
1688126737436,1140,83058
1688126737449,921,83979
1688126739629,1117,85096
1688126739642,1148,86244
1688126740896,984,87228
1688126740910,773,88001
1688126745916,710,88711
1688126745934,914,89625
1688126747914,984,90609
1688126747925,1015,91624
1688126749865,968,92592
1688126749880,1070,93662
1688126751866,828,94490
1688126751879,1007,95497
1688126753718,953,96450
1688126753729,882,97332
1688126755470,898,98230
1688126755478,843,99073
1688126757177,851,99924
1688126757185,757,100681
1688126758787,929,101610
1688126758803,742,102352
1688126760103,835,103187
1688126760115,632,103819
1688126761665,617,104436
1688126761678,781,105217
1688126763517,773,105990
1688126763529,890,106880
1688126765370,914,107794
1688126765383,906,108700
1688126767222,921,109621
1688126767235,875,110496
1688126769026,914,111410
1688126769041,820,112230
1688126770876,968,113198
1688126770885,1117,114315
1688126772485,664,114979
1688126772500,843,115822
1688126773949,742,116564
1688126773963,710,117274
1688126775313,695,117969
1688126775326,703,118672
1688126776680,648,119320
1688126776694,656,119976
1688126777994,656,120632
1688126778009,632,121264
1688126779359,648,121912
1688126779367,726,122638
1688126781066,640,123278
1688126781075,812,124090
1688126782674,843,124933
1688126782686,703,125636
1688126784285,843,126479
1688126784300,781,127260
1688126785746,796,128056
1688126785759,687,128743
1688126787305,757,129500
1688126787316,773,130273
1688126788965,742,131015
1688126788977,835,131850
1688126790913,781,132631
1688126790926,898,133529
1688126793009,1015,134544
1688126793019,1062,135606
1688126795154,976,136582
1688126795169,1054,137636
1688126797251,1054,138690
1688126797264,1078,139768
1688126799347,968,140736
1688126799360,1164,141900
1688126801443,882,142782
1688126801460,1078,143860
1688126803295,906,144766
1688126803307,992,145758
1688126805246,875,146633
1688126805259,953,147586
1688126807148,945,148531
1688126807161,875,149406
1688126809050,1000,150406
1688126809062,859,151265
1688126811047,960,152225
1688126811057,1015,153240
1688126813048,929,154169
1688126813061,976,155145
1688126814997,976,156121
1688126815011,1015,157136
1688126817092,867,158003
1688126817111,1031,159034
1688126819287,1046,160080
1688126819300,953,161033
1688126821383,1140,162173
1688126821396,1046,163219
1688126823920,1046,164265
1688126823933,1218,165483
1688126826114,1210,166693
1688126826126,1218,167911
1688126827674,984,168895
1688126827687,890,169785
1688126829136,648,170433
1688126829151,359,170792
1688126831233,1031,171823
1688126831247,976,172799
1688126833279,1078,173877
1688126833293,1015,174892
1688126835130,984,175876
1688126835144,906,176782
1688126837082,921,177703
1688126837097,953,178656
1688126838347,929,179585
1688126838355,789,180374
1688126839861,468,180842
1688126839873,820,181662
1688126841760,648,182310
1688126841768,1015,183325
1688126843712,851,184176
1688126843725,914,185090
1688126845760,898,185988
1688126845773,945,186933
1688126847660,1109,188042
1688126847673,882,188924
1688126849904,1007,189931
1688126849918,1070,191001
1688126852096,1078,192079
1688126852108,1109,193188
1688126854095,1085,194273
1688126854109,929,195202
1688126856142,1000,196202
1688126856157,960,197162
1688126858044,984,198146
1688126858054,851,198997
1688126860286,1054,200051
1688126860300,1187,201238
1688126862676,1023,202261
1688126862691,1156,203417
1688126864576,1171,204588
1688126864590,968,205556
1688126866575,890,206446
1688126866586,1031,207477
1688126868280,906,208383
1688126868290,828,209211
1688126870086,859,210070
1688126870101,867,210937
1688126872036,890,211827
1688126872050,898,212725
1688126874132,1000,213725
1688126874142,1070,214795
1688126876374,976,215771
1688126876387,1109,216880
1688126878131,1031,217911
1688126878145,968,218879
1688126879592,796,219675
1688126879604,500,220175
1688126881640,937,221112
1688126881653,867,221979
1688126883687,1101,223080
1688126883700,1046,224126
1688126885978,984,225110
1688126885991,1054,226164
1688126888220,1140,227304
1688126888234,1125,228429
1688126890563,1085,229514
1688126890578,1187,230701
1688126892997,1101,231802
1688126893006,1156,232958
1688126894803,1195,234153
1688126894816,1078,235231
1688126896216,734,235965
1688126896229,375,236340
1688126898166,984,237324
1688126898179,875,238199
1688126900116,960,239159
1688126900130,1070,240229
1688126902310,921,241150
1688126902318,1070,242220
1688126904457,1070,243290
1688126904472,1023,244313
1688126906551,1046,245359
1688126906566,1078,246437
1688126908745,992,247429
1688126908762,1062,248491
1688126910793,1062,249553
1688126910808,1000,250553
1688126913084,1015,251568
1688126913098,1132,252700
1688126915325,1109,253809
1688126915338,992,254801
1688126917285,1117,255918
1688126917298,1062,256980
1688126919469,914,257894
1688126919479,1093,258987
1688126921419,1015,260002
1688126921433,1046,261048
1688126923616,906,261954
1688126923642,1085,263039
1688126925564,1046,264085
1688126925578,929,265014
1688126927660,976,265990
1688126927676,992,266982
1688126929708,1039,268021
1688126929715,937,268958
1688126931560,1054,270012
1688126931573,968,270980
1688126933217,835,271815
1688126933231,789,272604
1688126934874,843,273447
1688126934886,812,274259
1688126936630,804,275063
1688126936642,796,275859
1688126938533,921,276780
1688126938545,960,277740
1688126940579,867,278607
1688126940596,984,279591
1688126942480,1000,280591
1688126942490,906,281497
1688126944382,992,282489
1688126944393,960,283449
1688126945553,882,284331
1688126945566,703,285034
1688126947307,453,285487
1688126947321,890,286377
1688126948964,835,287212
1688126948978,773,287985
1688126950672,835,288820
1688126950685,875,289695
1688126952477,765,290460
1688126952489,859,291319
1688126954376,929,292248
1688126954386,906,293154
1688126956179,914,294068
1688126956187,726,294794
1688126958277,1062,295856
1688126958291,1109,296965
1688126964857,1093,298058
1688126964872,929,298987
1688126967245,1179,300166
1688126967253,1156,301322
1688126969342,1070,302392
1688126969356,1171,303563
1688126971731,960,304523
1688126971745,1179,305702
1688126973975,1156,306858
1688126973988,1140,307998
1688126976362,992,308990
1688126976376,1187,310177
1688126978802,1195,311372
1688126978816,1132,312504
1688126980895,1250,313754
1688126980903,1109,314863
1688126982164,976,315839
1688126982176,843,316682
1688126988893,1179,317861
1688126988906,921,318782
1688126991134,1218,320000
1688126991142,1164,321164
1688126993574,953,322117
1688126993587,1273,323390
1688126995814,1187,324577
1688126995828,968,325545
1688126998010,1195,326740
1688126998026,1132,327872
1688127000494,1031,328903
1688127000506,1265,330168
1688127002346,1148,331316
1688127002358,960,332276
1688127003908,859,333135
1688127003919,414,333549
1688127006052,1117,334666
1688127006065,1062,335728
1688127008489,1031,336759
1688127008505,1179,337938
1688127010342,1179,339117
1688127010356,953,340070
1688127011756,820,340890
1688127011766,382,341272
1688127013754,1070,342342
1688127013767,1062,343404
1688127015996,890,344294
1688127016005,1054,345348
1688127018142,1109,346457
1688127018153,1109,347566
1688127020287,1007,348573
1688127020298,1023,349596
1688127022240,1031,350627
1688127022253,1039,351666
1688127024336,906,352572
1688127024350,921,353493
1688127026284,1046,354539
1688127026297,1015,355554
1688127028332,960,356514
1688127028345,921,357435
1688127030234,1046,358481
1688127030248,1039,359520
1688127032378,859,360379
1688127032392,1023,361402
1688127034278,1023,362425
1688127034291,1000,363425
1688127036327,875,364300
1688127036341,1046,365346
1688127038177,976,366322
1688127038185,968,367290
1688127040227,843,368133
1688127040241,1007,369140
1688127042031,953,370093
1688127042044,929,371022
1688127044078,835,371857
1688127044086,1007,372864
1688127045979,1015,373879
1688127045992,945,374824
1688127047978,914,375738
1688127047990,1031,376769
1688127050122,882,377651
1688127050130,1046,378697
1688127052073,1015,379712
1688127052087,1046,380758
1688127054122,906,381664
1688127054135,1007,382671
1688127056167,984,383655
1688127056176,1007,384662
1688127058167,1007,385669
1688127058180,882,386551
1688127060265,1085,387636
1688127060276,1031,388667
1688127062359,1023,389690
1688127062373,906,390596
1688127064408,1125,391721
1688127064421,1039,392760
1688127066406,929,393689
1688127066416,984,394673
1688127068356,1007,395680
1688127068371,1039,396719
1688127070550,867,397586
1688127070559,1062,398648
1688127072500,1023,399671
1688127072512,960,400631
1688127074547,921,401552
1688127074562,1054,402606
1688127076544,1015,403621
1688127076552,945,404566
1688127078496,1000,405566
1688127078507,968,406534
1688127080301,914,407448
1688127080315,882,408330
1688127082006,914,409244
1688127082019,835,410079
1688127083663,812,410891
1688127083675,812,411703
1688127085614,804,412507
1688127085629,921,413428
1688127087516,945,414373
1688127087530,1007,415380
1688127089857,906,416286
1688127089872,1140,417426
1688127091951,1109,418535
1688127091962,1117,419652
1688127094245,953,420605
1688127094258,1148,421753
1688127096289,1101,422854
1688127096301,968,423822
1688127098485,1031,424853
1688127098501,1054,425907
1688127100530,1070,426977
1688127100549,890,427867
1688127102822,1117,428984
1688127102834,1156,430140
1688127105068,1085,431225
1688127105080,1031,432256
1688127107405,1156,433412
1688127107416,1164,434576
1688127108478,1117,435693
1688127108490,656,436349
1688127109648,398,436747
1688127109662,648,437395
1688127116280,1226,438621
1688127116295,1164,439785
1688127118373,1007,440792
1688127118383,921,441713
1688127120472,1140,442853
1688127120489,1101,443954
1688127122664,914,444868
1688127122672,1101,445969
1688127124566,1046,447015
1688127124577,937,447952
1688127126712,914,448866
1688127126727,1054,449920
1688127128709,1039,450959
1688127128721,945,451904
1688127130661,906,452810
1688127130673,1046,453856
1688127132610,1000,454856
1688127132621,992,455848
1688127134803,898,456746
1688127134816,1046,457792
1688127136997,1078,458870
1688127137011,1085,459955
1688127139240,1062,461017
1688127139253,1039,462056
1688127141290,1125,463181
1688127141303,1070,464251
1688127142459,929,465180
1688127142472,789,465969
1688127143627,398,466367
1688127143641,726,467093
1688127152891,789,467882
1688127152904,453,468335
1688127154989,1117,469452
1688127155002,1125,470577
1688127157424,937,471514
1688127157436,1210,472724
1688127159520,1164,473888
1688127159537,1085,474973
1688127161908,921,475894
1688127161921,1203,477097
1688127164154,1148,478245
1688127164169,960,479205
1688127166590,1218,480423
1688127166607,1148,481571
1688127168345,1148,482719
1688127168357,914,483633
1688127169904,835,484468
1688127169918,445,484913
1688127172051,1148,486061
1688127172066,1039,487100
1688127174390,1031,488131
1688127174403,1171,489302
1688127176583,1148,490450
1688127176596,1070,491520
1688127179068,1070,492590
1688127179075,1156,493746
1688127181216,1148,494894
1688127181228,1132,496026
1688127182481,1031,497057
1688127182491,757,497814
1688127183751,500,498314
1688127183765,710,499024
1688127190183,1132,500156
1688127190191,1070,501226
1688127192573,1007,502233
1688127192590,1156,503389
1688127194671,1164,504553
1688127194685,1062,505615
1688127196914,992,506607
1688127196924,1109,507716
1688127198960,1109,508825
1688127198973,1000,509825
1688127201251,976,510801
1688127201259,1140,511941
1688127203347,1109,513050
1688127203360,1054,514104
1688127205638,960,515064
1688127205653,1125,516189
1688127207639,1148,517337
1688127207652,1046,518383
1688127209830,906,519289
1688127209837,1085,520374
1688127211783,1054,521428
1688127211796,992,522420
1688127214073,898,523318
1688127214082,1179,524497
1688127216121,1070,525567
1688127216134,1070,526637
1688127218265,898,527535
1688127218275,1085,528620
1688127220364,1039,529659
1688127220376,1109,530768
1688127222457,906,531674
1688127222474,992,532666
1688127224605,1085,533751
1688127224618,1109,534860
1688127226845,968,535828
1688127226856,1093,536921
1688127228942,1109,538030
1688127228955,1054,539084
1688127231038,1000,540084
1688127231051,937,541021
1688127233233,1070,542091
1688127233248,1070,543161
1688127235376,1093,544254
1688127235393,914,545168
1688127236498,1156,546324
1688127236512,718,547042
1688127242934,1140,548182
1688127242951,937,549119
1688127245322,1054,550173
1688127245336,1156,551329
1688127247079,1156,552485
1688127247091,945,553430
1688127248151,757,554187
1688127248164,375,554562
1688127249662,671,555233
1688127249675,414,555647
1688127251319,1062,556709
1688127251333,875,557584
1688127252391,742,558326
1688127252404,390,558716
1688127253951,687,559403
1688127253964,398,559801
1688127255997,1117,560918
1688127256006,929,561847
1688127258436,1062,562909
1688127258447,1164,564073
1688127260582,1171,565244
1688127260595,968,566212
1688127262726,1171,567383
1688127262738,1093,568476
1688127264970,1015,569491
1688127264985,1078,570569
1688127266824,1117,571686
1688127266837,937,572623
1688127268334,851,573474
1688127268350,789,574263
1688127270236,710,574973
1688127270249,812,575785
1688127278082,867,576652
1688127278093,820,577472
1688127295927,562,578034
1688127295943,757,578791
1688127298168,1507,580298
1688127298183,1164,581462
1688127299679,953,582415
1688127299690,1000,583415
1688127304018,687,584102
1688127304033,421,584523
1688127306212,726,585249
1688127306225,906,586155
1688127308015,1179,587334
1688127308024,960,588294
1688127309966,875,589169
1688127309979,937,590106
1688127311771,937,591043
1688127311784,843,591886
1688127313574,921,592807
1688127313587,1054,593861
1688127320255,875,594736
1688127320270,757,595493
1688127322400,804,596297
1688127322413,1148,597445
1688127324155,945,598390
1688127324167,898,599288
1688127326004,875,600163
1688127326011,937,601100
1688127328150,867,601967
1688127328163,968,602935
1688127330247,1101,604036
1688127330258,953,604989
1688127332198,1085,606074
1688127332211,1046,607120
1688127334099,859,607979
1688127334112,960,608939
1688127336194,937,609876
1688127336201,1054,610930
1688127338439,953,611883
1688127338452,1070,612953
1688127340679,1125,614078
1688127340695,1070,615148
1688127342775,1109,616257
1688127342789,1109,617366
1688127344871,945,618311
1688127344883,1070,619381
1688127346873,976,620357
1688127346886,968,621325
1688127348676,984,622309
1688127348690,921,623230
1688127350381,796,624026
1688127350394,851,624877
1688127352089,781,625658
1688127352102,906,626564
1688127354329,851,627415
1688127354340,1039,628454
1688127356330,1132,629586
1688127356344,1046,630632
1688127358424,937,631569
1688127358431,1023,632592
1688127360425,1007,633599
1688127360439,945,634544
1688127362713,1015,635559
1688127362721,1070,636629
1688127365008,1117,637746
1688127365021,1171,638917
1688127367151,1109,640026
1688127367163,1132,641158
1688127368955,953,642111
1688127368966,945,643056
1688127370858,843,643899
1688127370870,914,644813
1688127372806,945,645758
1688127372819,960,646718
1688127374904,921,647639
1688127374916,1031,648670
1688127377001,1007,649677
1688127377016,945,650622
1688127379046,1054,651676
1688127379059,1054,652730
1688127380996,1015,653745
1688127381009,976,654721
1688127383044,859,655580
1688127383054,1031,656611
1688127384896,953,657564
1688127384906,968,658532
1688127387044,921,659453
1688127387056,1015,660468
1688127389138,1054,661522
1688127389146,984,662506
1688127391138,1031,663537
1688127391152,1078,664615
1688127393038,921,665536
1688127393051,992,666528
1688127394256,859,667387
1688127394263,679,668066
1688127395868,515,668581
1688127395881,875,669456
1688127397620,664,670120
1688127397633,804,670924
1688127399667,882,671806
1688127399685,984,672790
1688127401619,1039,673829
1688127401633,1046,674875
1688127403958,914,675789
1688127403971,1109,676898
1688127406104,1132,678030
1688127406118,1085,679115
1688127408053,1007,680122
1688127408063,992,681114
1688127410052,929,682043
1688127410064,992,683035
1688127412004,929,683964
1688127412017,953,684917
1688127413952,968,685885
1688127413966,968,686853
1688127415853,945,687798
1688127415866,968,688766
1688127417903,914,689680
1688127417916,992,690672
1688127419948,1007,691679
1688127419957,937,692616
1688127421998,929,693545
1688127422011,984,694529
1688127423802,1046,695575
1688127423814,914,696489
1688127425703,945,697434
1688127425717,914,698348
1688127427601,906,699254
1688127427611,921,700175
1688127429749,960,701135
1688127429761,1015,702150
1688127431749,1031,703181
1688127431763,1039,704220
1688127433795,953,705173
1688127433809,1023,706196
1688127434964,953,707149
1688127434976,734,707883
1688127436718,390,708273
1688127436732,804,709077
1688127438816,945,710022
1688127438827,1000,711022
1688127440960,1070,712092
1688127440973,1132,713224
1688127443056,953,714177
1688127443066,953,715130
1688127445058,1078,716208
1688127445070,921,717129
1688127447249,1031,718160
1688127447257,1085,719245
1688127449493,1054,720299
1688127449508,1085,721384
1688127451344,1039,722423
1688127451357,859,723282
1688127453196,1031,724313
1688127453205,945,725258
1688127455393,867,726125
1688127455407,1093,727218
1688127457292,1046,728264
1688127457305,1031,729295
1688127458657,820,730115
1688127458670,367,730482
1688127459878,890,731372
1688127459892,789,732161
1688127466264,1054,733215
1688127466278,968,734183
1688127468458,945,735128
1688127468473,1132,736260
1688127470554,1000,737260
1688127470571,1007,738267
1688127472746,1054,739321
1688127472761,1078,740399
1688127474695,1039,741438
1688127474704,1054,742492
1688127476746,867,743359
1688127476759,992,744351
1688127478792,1000,745351
1688127478804,1195,746546
1688127480304,796,747342
1688127480317,406,747748
1688127481960,1031,748779
1688127481975,773,749552
1688127483958,882,750434
1688127483968,960,751394
1688127485958,1015,752409
1688127485971,812,753221
1688127488105,1101,754322
1688127488120,1078,755400
1688127489711,1039,756439
1688127489724,882,757321
1688127491223,710,758031
1688127491236,453,758484
1688127493513,1015,759499
1688127493525,1148,760647
1688127494928,1062,761709
1688127494939,890,762599
1688127495902,484,763083
1688127495912,585,763668
1688127497417,367,764035
1688127497430,671,764706
1688127499363,796,765502
1688127499372,812,766314
1688127501413,1132,767446
1688127501427,953,768399
1688127503313,1015,769414
1688127503327,820,770234
1688127505555,1031,771265
1688127505570,1117,772382
1688127507555,1070,773452
1688127507568,1023,774475
1688127509553,953,775428
1688127509565,937,776365
1688127511551,976,777341
1688127511565,921,778262
1688127513599,1046,779308
1688127513614,953,780261
1688127515599,1054,781315
1688127515606,937,782252
1688127517352,1039,783291
1688127517359,828,784119
1688127519449,867,784986
1688127519464,1031,786017
1688127521642,976,786993
1688127521649,1046,788039
1688127523888,1132,789171
1688127523901,1093,790264
1688127525932,1085,791349
1688127525944,1117,792466
1688127527983,906,793372
1688127527996,992,794364
1688127530078,1007,795371
1688127530091,945,796316
1688127532223,1078,797394
1688127532234,1156,798550
1688127534661,953,799503
1688127534677,1125,800628
1688127536027,1195,801823
1688127536040,796,802619
1688127537635,601,803220
1688127537647,851,804071
1688127539340,703,804774
1688127539353,804,805578
1688127541388,867,806445
1688127541400,820,807265
1688127543680,1195,808460
1688127543691,1117,809577
1688127546068,1132,810709
1688127546079,1125,811834
1688127548016,1132,812966
1688127548025,1054,814020
1688127550116,929,814949
1688127550130,1023,815972
1688127552404,992,816964
1688127552413,1187,818151
1688127554454,1062,819213
1688127554467,960,820173
1688127556454,1054,821227
1688127556467,843,822070
1688127558840,1093,823163
1688127558855,1156,824319
1688127560451,1187,825506
1688127560465,992,826498
1688127562204,539,827037
1688127562218,718,827755
1688127563716,992,828747
1688127563729,734,829481
1688127565473,703,830184
1688127565487,789,830973
1688127567664,992,831965
1688127567673,1054,833019
1688127570006,1062,834081
1688127570020,1125,835206
1688127572247,1171,836377
1688127572260,1125,837502
1688127574248,1062,838564
1688127574260,914,839478
1688127576244,1031,840509
1688127576252,898,841407
1688127578585,1070,842477
1688127578598,1078,843555
1688127579852,1203,844758
1688127579866,820,845578
1688127585412,984,846562
1688127585427,671,847233
1688127587117,523,847756
1688127587130,625,848381
1688127588629,1000,849381
1688127588642,687,850068
1688127590334,773,850841
1688127590349,875,851716
1688127592237,796,852512
1688127592251,890,853402
1688127594527,968,854370
1688127594540,1093,855463
1688127596917,1179,856642
1688127596932,1156,857798
1688127599060,1132,858930
1688127599073,1015,859945
1688127601107,1125,861070
1688127601118,1023,862093
1688127603009,968,863061
1688127603022,906,863967
1688127605156,921,864888
1688127605170,1007,865895
1688127607348,1093,866988
1688127607361,1039,868027
1688127608519,1039,869066
1688127608530,726,869792
1688127610079,468,870260
1688127610093,804,871064
1688127611688,718,871782
1688127611702,804,872586
1688127613344,765,873351
1688127613357,812,874163
1688127615198,820,874983
1688127615209,875,875858
1688127617243,921,876779
1688127617251,976,877755
1688127619243,1031,878786
1688127619258,992,879778
1688127620900,906,880684
1688127620912,851,881535
1688127622949,859,882394
1688127622964,914,883308
1688127625044,1007,884315
1688127625056,1007,885322
1688127627433,1070,886392
1688127627462,1164,887556
1688127629871,1179,888735
1688127629885,1187,889922
1688127632262,1140,891062
1688127632275,1156,892218
1688127634599,1195,893413
1688127634614,1179,894592
1688127636890,1148,895740
1688127636897,1101,896841
1688127639133,1085,897926
1688127639147,1117,899043
1688127641180,1109,900152
1688127641188,1085,901237
1688127643132,921,902158
1688127643145,914,903072
1688127644936,1015,904087
1688127644949,921,905008
1688127646790,820,905828
1688127646804,937,906765
1688127648592,890,907655
1688127648604,812,908467
1688127650590,929,909396
1688127650597,984,910380
1688127652541,976,911356
1688127652554,882,912238
1688127654392,1000,913238
1688127654405,953,914191
1688127656392,843,915034
1688127656405,937,915971
1688127658438,984,916955
1688127658457,1054,918009
1688127660489,1007,919016
1688127660503,945,919961
1688127662533,1039,921000
1688127662544,1023,922023
1688127664582,968,922991
1688127664597,976,923967
1688127666629,1023,924990
1688127666642,1046,926036
1688127668922,976,927012
1688127668936,1109,928121
1688127671017,1109,929230
1688127671026,1062,930292
1688127673163,929,931221
1688127673176,1148,932369
1688127675160,1031,933400
1688127675175,929,934329
1688127677306,992,935321
1688127677319,1062,936383
1688127679353,1031,937414
1688127679367,937,938351
1688127681452,1054,939405
1688127681463,1132,940537
1688127683645,953,941490
1688127683657,1062,942552
1688127685690,1039,943591
1688127685699,1132,944723
1688127687836,914,945637
1688127687848,1015,946652
1688127689834,1062,947714
1688127689842,953,948667
1688127691981,921,949588
1688127691994,1070,950658
1688127694029,1078,951736
1688127694042,1039,952775
1688127696272,968,953743
1688127696286,1093,954836
1688127698318,1101,955937
1688127698332,1015,956952
1688127700465,984,957936
1688127700481,1070,959006
1688127702463,1046,960052
1688127702477,921,960973
1688127704459,1000,961973
1688127704466,984,962957
1688127706364,968,963925
1688127706377,875,964800
1688127708507,1007,965807
1688127708522,1015,966822
1688127710605,1054,967876
1688127710620,953,968829
1688127712797,1101,969930
1688127712813,1101,971031
1688127714796,1015,972046
1688127714807,929,972975
1688127716842,1054,974029
1688127716853,1070,975099
1688127718937,921,976020
1688127718943,1023,977043
1688127720986,1031,978074
1688127721000,1078,979152
1688127723278,929,980081
1688127723292,1117,981198
1688127725328,1085,982283
1688127725340,1054,983337
1688127727518,960,984297
1688127727531,1101,985398
1688127729568,1031,986429
1688127729581,960,987389
1688127731759,1054,988443
1688127731766,1093,989536
1688127733857,1054,990590
1688127733870,914,991504
1688127736050,1148,992652
1688127736059,1109,993761
1688127738150,945,994706
1688127738163,992,995698
1688127740098,1031,996729
1688127740112,1062,997791
1688127742290,921,998712
1688127742303,1062,999774
1688127744388,1054,1000828
1688127744401,921,1001749
1688127746336,1085,1002834
1688127746347,1031,1003865
1688127748533,945,1004810
1688127748549,1046,1005856
1688127750627,1085,1006941
1688127750642,1070,1008011
1688127752822,976,1008987
1688127752835,1125,1010112
1688127754818,1039,1011151
1688127754825,898,1012049
1688127756819,1062,1013111
1688127756832,929,1014040
1688127759160,984,1015024
1688127759171,1164,1016188
1688127761355,1125,1017313
1688127761368,976,1018289
1688127763547,1179,1019468
1688127763560,1140,1020608
1688127765791,953,1021561
1688127765807,1148,1022709
1688127767640,1046,1023755
1688127767648,968,1024723
1688127769835,867,1025590
1688127769848,1046,1026636
1688127771881,1070,1027706
1688127771890,898,1028604
1688127774079,1078,1029682
1688127774093,1156,1030838
1688127776172,1062,1031900
1688127776178,945,1032845
1688127778075,1078,1033923
1688127778090,984,1034907
1688127780072,828,1035735
1688127780082,992,1036727
1688127782120,1000,1037727
1688127782130,1062,1038789
1688127784413,937,1039726
1688127784425,1125,1040851
1688127786605,1125,1041976
1688127786622,1000,1042976
1688127788703,1140,1044116
1688127788717,1078,1045194
1688127790895,992,1046186
1688127790909,953,1047139
1688127792848,1109,1048248
1688127792861,1078,1049326
1688127795236,898,1050224
1688127795249,1179,1051403
1688127797331,1125,1052528
1688127797343,906,1053434
1688127799231,1085,1054519
1688127799237,1062,1055581
1688127801526,882,1056463
1688127801542,1023,1057486
1688127803521,1179,1058665
1688127803527,1046,1059711
1688127805328,929,1060640
1688127805339,843,1061483
1688127806984,890,1062373
1688127806996,882,1063255
1688127808446,742,1063997
1688127808458,726,1064723
1688127809909,695,1065418
1688127809922,703,1066121
1688127811568,750,1066871
1688127811581,789,1067660
1688127813226,835,1068495
1688127813239,781,1069276
1688127814832,812,1070088
1688127814845,781,1070869
1688127816539,796,1071665
1688127816551,835,1072500
1688127818000,789,1073289
1688127818008,945,1074234
1688127819658,531,1074765
1688127819664,796,1075561
1688127821221,750,1076311
1688127821234,703,1077014
1688127823070,851,1077865
1688127823077,1015,1078880
1688127825071,835,1079715
1688127825084,890,1080605
1688127827409,1039,1081644
1688127827416,1156,1082800
1688127829751,1171,1083971
1688127829764,1148,1085119
1688127832090,1125,1086244
1688127832104,1125,1087369
1688127834284,1078,1088447
1688127834293,1109,1089556
1688127835454,1078,1090634
1688127835465,726,1091360
1688127836529,421,1091781
1688127836541,640,1092421
1688127841550,492,1092913
1688127841564,843,1093756
1688127843402,796,1094552
1688127843414,875,1095427
1688127845789,945,1096372
1688127845803,1109,1097481
1688127848226,1210,1098691
1688127848240,1046,1099737
1688127850664,1234,1100971
1688127850678,1203,1102174
1688127853052,1226,1103400
1688127853058,1203,1104603
1688127854224,1164,1105767
1688127854236,710,1106477
1688127856272,460,1106937
1688127856284,867,1107804
1688127857832,1101,1108905
1688127857845,828,1109733
1688127859490,695,1110428
1688127859503,812,1111240
1688127861146,851,1112091
1688127861158,843,1112934
1688127862708,757,1113691
1688127862720,750,1114441
1688127864167,734,1115175
1688127864173,789,1115964
1688127865536,648,1116612
1688127865548,664,1117276
1688127866998,703,1117979
1688127867012,703,1118682
1688127868508,695,1119377
1688127868520,726,1120103
1688127870213,750,1120853
1688127870225,828,1121681
1688127872264,875,1122556
1688127872274,921,1123477
1688127874260,1046,1124523
1688127874271,1023,1125546
1688127876111,921,1126467
1688127876117,898,1127365
1688127878113,929,1128294
1688127878124,945,1129239
1688127879964,984,1130223
1688127879979,937,1131160
1688127881962,898,1132058
1688127881974,953,1133011
1688127884012,984,1133995
1688127884025,968,1134963
1688127886109,992,1135955
1688127886121,1046,1137001
1688127888007,992,1137993
1688127888015,945,1138938
1688127889810,953,1139891
1688127889821,921,1140812
1688127891811,851,1141663
1688127891824,968,1142631
1688127893712,992,1143623
1688127893726,906,1144529
1688127895615,921,1145450
1688127895628,968,1146418
1688127897514,929,1147347
1688127897525,882,1148229
1688127899465,960,1149189
1688127899479,984,1150173
1688127901463,929,1151102
1688127901475,921,1152023
1688127903363,992,1153015
1688127903372,968,1153983
1688127905363,906,1154889
1688127905376,968,1155857
1688127907218,976,1156833
1688127907231,890,1157723
1688127909216,937,1158660
1688127909229,992,1159652
1688127911213,937,1160589
1688127911225,945,1161534
1688127913117,1000,1162534
1688127913130,968,1163502
1688127915018,882,1164384
1688127915032,945,1165329
1688127916870,921,1166250
1688127916885,867,1167117
1688127918916,945,1168062
1688127918929,1015,1169077
1688127920914,984,1170061
1688127920926,953,1171014
1688127922768,984,1171998
1688127922779,960,1172958
1688127924765,898,1173856
1688127924775,953,1174809
1688127926620,968,1175777
1688127926631,929,1176706
1688127928665,898,1177604
1688127928680,976,1178580
1688127930372,914,1179494
1688127930384,859,1180353
1688127932324,921,1181274
1688127932336,945,1182219
1688127934125,921,1183140
1688127934132,843,1183983
1688127936076,921,1184904
1688127936088,968,1185872
1688127938026,960,1186832
1688127938039,906,1187738
1688127939881,945,1188683
1688127939894,953,1189636
1688127941730,898,1190534
1688127941739,882,1191416
1688127943437,906,1192322
1688127943447,828,1193150
1688127945289,859,1194009
1688127945297,898,1194907
1688127946947,890,1195797
1688127946953,820,1196617
1688127948752,820,1197437
1688127948764,890,1198327
1688127950460,875,1199202
1688127950471,812,1200014
1688127952164,796,1200810
1688127952175,859,1201669
1688127953820,851,1202520
1688127953827,828,1203348
1688127955625,812,1204160
1688127955637,875,1205035
1688127957332,875,1205910
1688127957343,851,1206761
1688127959136,828,1207589
1688127959149,882,1208471
1688127960841,875,1209346
1688127960852,812,1210158
1688127962695,843,1211001
1688127962710,890,1211891
1688127964498,898,1212789
1688127964511,843,1213632
1688127966303,882,1214514
1688127966316,906,1215420
1688127968106,882,1216302
1688127968117,828,1217130
1688127969716,867,1217997
1688127969728,851,1218848
1688127971421,804,1219652
1688127971432,812,1220464
1688127973029,851,1221315
1688127973040,828,1222143
1688127974737,765,1222908
1688127974749,796,1223704
1688127976396,843,1224547
1688127976408,843,1225390
1688127978100,781,1226171
1688127978115,812,1226983
1688127979857,843,1227826
1688127979870,859,1228685
1688127981611,796,1229481
1688127981624,843,1230324
1688127983221,875,1231199
1688127983234,851,1232050
1688127984878,781,1232831
1688127984890,804,1233635
1688127986488,828,1234463
1688127986500,804,1235267
1688127988192,750,1236017
1688127988205,812,1236829
1688127989996,875,1237704
1688127990008,890,1238594
1688127991849,828,1239422
1688127991863,898,1240320
1688127993654,945,1241265
1688127993667,906,1242171
1688127995458,820,1242991
1688127995472,890,1243881
1688127997212,898,1244779
1688127997226,875,1245654
1688127999062,843,1246497
1688127999072,882,1247379
1688128000819,921,1248300
1688128000829,875,1249175
1688128002768,828,1250003
1688128002781,929,1250932
1688128004573,953,1251885
1688128004587,890,1252775
1688128006524,914,1253689
1688128006536,968,1254657
1688128008278,906,1255563
1688128008291,828,1256391
1688128010177,898,1257289
1688128010183,921,1258210
1688128011982,882,1259092
1688128011994,843,1259935
1688128013882,953,1260888
1688128013896,992,1261880
1688128015738,898,1262778
1688128015752,890,1263668
1688128017540,921,1264589
1688128017554,906,1265495
1688128019245,820,1266315
1688128019260,796,1267111
1688128021052,867,1267978
1688128021064,882,1268860
1688128022661,835,1269695
1688128022674,789,1270484
1688128024463,867,1271351
1688128024476,882,1272233
1688128026268,875,1273108
1688128026278,812,1273920
1688128028117,882,1274802
1688128028123,953,1275755
1688128029775,914,1276669
1688128029782,828,1277497
1688128031481,804,1278301
1688128031491,828,1279129
1688128033043,804,1279933
1688128033054,757,1280690
1688128034942,789,1281479
1688128034949,898,1282377
1688128036747,945,1283322
1688128036759,882,1284204
1688128038503,859,1285063
1688128038516,898,1285961
1688128040061,843,1286804
1688128040072,765,1287569
1688128041817,765,1288334
1688128041828,835,1289169
1688128043425,835,1290004
1688128043436,789,1290793
1688128045180,789,1291582
1688128045187,859,1292441
1688128046887,875,1293316
1688128046893,835,1294151
1688128048740,828,1294979
1688128048753,906,1295885
1688128050642,898,1296783
1688128050655,859,1297642
1688128052494,929,1298571
1688128052508,968,1299539
1688128054444,906,1300445
1688128054455,914,1301359
1688128056398,992,1302351
1688128056411,1000,1303351
1688128058441,906,1304257
1688128058462,945,1305202
1688128060005,1000,1306202
1688128060018,875,1307077
1688128061563,695,1307772
1688128061577,718,1308490
1688128063220,781,1309271
1688128063234,789,1310060
1688128064778,859,1310919
1688128064789,796,1311715
1688128066291,750,1312465
1688128066301,710,1313175
1688128068047,765,1313940
1688128068059,867,1314807
1688128069361,804,1315611
1688128069374,609,1316220
1688128070775,710,1316930
1688128070788,671,1317601
1688128072093,718,1318319
1688128072106,601,1318920
1688128073358,648,1319568
1688128073365,632,1320200
1688128074678,625,1320825
1688128074692,648,1321473
1688128076138,640,1322113
1688128076153,664,1322777
1688128077748,734,1323511
1688128077760,796,1324307
1688128079599,789,1325096
1688128079609,851,1325947
1688128081500,960,1326907
1688128081512,921,1327828
1688128083546,937,1328765
1688128083558,1023,1329788
1688128085693,984,1330772
1688128085701,976,1331748
1688128087740,1101,1332849
1688128087750,992,1333841
1688128090082,1023,1334864
1688128090094,1031,1335895
1688128092177,1195,1337090
1688128092188,1187,1338277
1688128094129,851,1339128
1688128094140,1031,1340159
1688128095833,937,1341096
1688128095845,796,1341892
1688128107000,1125,1343017
1688128107012,1046,1344063
1688128109581,1312,1345375
1688128109598,1226,1346601
1688128112070,1289,1347890
1688128112085,1367,1349257
1688128114555,1078,1350335
1688128114570,1218,1351553
1688128116893,1187,1352740
1688128116900,1007,1353747
1688128119185,1304,1355051
1688128119198,1093,1356144
1688128121135,1125,1357269
1688128121143,1070,1358339
1688128123331,859,1359198
1688128123345,953,1360151
1688128125815,1179,1361330
1688128125829,1195,1362525
1688128128155,1210,1363735
1688128128168,1296,1365031
1688128129424,1000,1366031
1688128129437,781,1366812
1688128140442,1226,1368038
1688128140454,1281,1369319
1688128142536,1226,1370545
1688128142542,1093,1371638
1688128144634,960,1372598
1688128144650,1000,1373598
1688128146973,1054,1374652
1688128146987,1304,1375956
1688128149410,984,1376940
1688128149419,1164,1378104
1688128151800,1234,1379338
1688128151814,1023,1380361
1688128153996,1312,1381673
1688128154010,1101,1382774
1688128156336,1054,1383828
1688128156348,1023,1384851
1688128158673,1218,1386069
1688128158683,1132,1387201
1688128160965,1179,1388380
1688128160978,1156,1389536
1688128162769,1109,1390645
1688128162782,867,1391512
1688128164524,804,1392316
1688128164536,851,1393167
1688128167451,929,1394096
1688128167468,1437,1395533
1688128170034,1343,1396876
1688128170050,1250,1398126
1688128172178,1296,1399422
1688128172190,1203,1400625
1688128173934,921,1401546
1688128173947,867,1402413
1688128176177,859,1403272
1688128176190,968,1404240
1688128178759,1242,1405482
1688128178772,1296,1406778
1688128181246,1218,1407996
1688128181258,1195,1409191
1688128183146,1218,1410409
1688128183158,1007,1411416
1688128185096,851,1412267
1688128185108,921,1413188
1688128187728,1007,1414195
1688128187736,1312,1415507
1688128190315,1226,1416733
1688128190326,1210,1417943
1688128192217,1210,1419153
1688128192228,1093,1420246
1688128193969,875,1421121
1688128193982,843,1421964
1688128195873,843,1422807
1688128195886,945,1423752
1688128197675,937,1424689
1688128197690,460,1425149
1688128200258,1281,1426430
1688128200270,1289,1427719
1688128202403,1242,1428961
1688128202415,1203,1430164
1688128204158,890,1431054
1688128204167,843,1431897
1688128206448,890,1432787
1688128206469,984,1433771
1688128208985,1250,1435021
1688128208996,1250,1436271
1688128211374,1226,1437497
1688128211386,1187,1438684
1688128213129,1125,1439809
1688128213140,859,1440668
1688128214981,820,1441488
1688128214992,890,1442378
1688128217710,968,1443346
1688128217721,1343,1444689
1688128220247,1304,1445993
1688128220259,1226,1447219
1688128222489,1289,1448508
1688128222505,1257,1449765
1688128224244,914,1450679
1688128224256,828,1451507
1688128226632,890,1452397
1688128226647,992,1453389
1688128229266,1273,1454662
1688128229278,1250,1455912
1688128231605,1273,1457185
1688128231619,1296,1458481
1688128233360,1101,1459582
1688128233371,851,1460433
1688128235361,843,1461276
1688128235375,937,1462213
1688128238039,1031,1463244
1688128238048,1328,1464572
1688128240672,1265,1465837
1688128240680,1273,1467110
1688128242723,1312,1468422
1688128242737,1078,1469500
1688128244427,859,1470359
1688128244440,843,1471202
1688128246426,898,1472100
1688128246440,1000,1473100
1688128248183,937,1474037
1688128248196,437,1474474
1688128250861,1273,1475747
1688128250871,1273,1477020
1688128252763,1351,1478371
1688128252778,1015,1479386
1688128254666,828,1480214
1688128254679,828,1481042
1688128257297,976,1482018
1688128257310,1328,1483346
1688128259883,1289,1484635
1688128259898,1265,1485900
1688128262073,1242,1487142
1688128262081,1250,1488392
1688128263829,921,1489313
1688128263841,859,1490172
1688128266219,867,1491039
1688128266225,1000,1492039
1688128268801,1343,1493382
1688128268810,1281,1494663
1688128271290,1195,1495858
1688128271303,1242,1497100
1688128272994,1210,1498310
1688128273006,867,1499177
1688128274947,804,1499981
1688128274960,835,1500816
1688128277528,953,1501769
1688128277540,1328,1503097
1688128280065,1320,1504417
1688128280079,1210,1505627
1688128281965,1218,1506845
1688128281977,1054,1507899
1688128283720,828,1508727
1688128283732,812,1509539
1688128285914,843,1510382
1688128285925,929,1511311
1688128288399,1257,1512568
1688128288406,1226,1513794
1688128290837,1234,1515028
1688128290848,1171,1516199
1688128292543,1195,1517394
1688128292555,851,1518245
1688128294347,796,1519041
1688128294355,828,1519869
1688128296639,960,1520829
1688128296656,1125,1521954
1688128299079,1117,1523071
1688128299092,1210,1524281
1688128301467,1171,1525452
1688128301478,1218,1526670
1688128303220,1109,1527779
1688128303234,882,1528661
1688128305221,812,1529473
1688128305233,945,1530418
1688128307852,1031,1531449
1688128307868,1312,1532761
1688128310485,1257,1534018
1688128310498,1281,1535299
1688128312483,1281,1536580
1688128312496,1101,1537681
1688128314189,828,1538509
1688128314201,812,1539321
1688128316531,882,1540203
1688128316546,1007,1541210
1688128319067,1265,1542475
1688128319082,1203,1543678
1688128321504,1273,1544951
1688128321518,1343,1546294
1688128323209,1046,1547340
1688128323222,789,1548129
1688128325109,828,1548957
1688128325116,890,1549847
1688128327839,1000,1550847
1688128327854,1343,1552190
1688128330325,1257,1553447
1688128330333,1242,1554689
1688128332325,1226,1555915
1688128332337,1171,1557086
1688128334081,828,1557914
1688128334094,812,1558726
1688128336421,859,1559585
1688128336433,992,1560577
1688128339005,1304,1561881
1688128339021,1265,1563146
1688128341441,1250,1564396
1688128341452,1367,1565763
1688128343146,1000,1566763
1688128343155,796,1567559
1688128345390,859,1568418
1688128345403,1031,1569449
1688128347779,1210,1570659
1688128347791,1117,1571776
1688128350411,1210,1572986
1688128350422,1257,1574243
1688128352313,1273,1575516
1688128352326,828,1576344
1688128354165,1000,1577344
1688128354177,953,1578297
1688128355920,929,1579226
1688128355932,960,1580186
1688128357675,710,1580896
1688128357684,976,1581872
1688128359284,781,1582653
1688128359295,765,1583418
1688128361234,812,1584230
1688128361245,875,1585105
1688128363428,984,1586089
1688128363440,1023,1587112
1688128365428,1132,1588244
1688128365438,921,1589165
1688128367525,1015,1590180
1688128367537,1023,1591203
1688128369424,1015,1592218
1688128369434,929,1593147
1688128371179,968,1594115
1688128371192,820,1594935
1688128372934,875,1595810
1688128372945,812,1596622
1688128375128,906,1597528
1688128375140,992,1598520
1688128377176,1054,1599574
1688128377188,1046,1600620
1688128379028,1000,1601620
1688128379037,1007,1602627
1688128380978,843,1603470
1688128380991,929,1604399
1688128382684,960,1605359
1688128382697,875,1606234
1688128384586,820,1607054
1688128384598,984,1608038
1688128387023,875,1608913
1688128387036,1218,1610131
1688128389315,1156,1611287
1688128389326,1148,1612435
1688128391071,1070,1613505
1688128391084,906,1614411
1688128392826,835,1615246
1688128392837,820,1616066
1688128394874,867,1616933
1688128394886,906,1617839
1688128397310,1093,1618932
1688128397322,1250,1620182
1688128399552,1148,1621330
1688128399566,1132,1622462
1688128401599,1054,1623516
1688128401615,976,1624492
1688128403892,1031,1625523
1688128403904,1054,1626577
1688128405890,1062,1627639
1688128405903,1031,1628670
1688128408084,1015,1629685
1688128408095,1085,1630770
1688128410424,1070,1631840
1688128410430,1171,1633011
1688128412570,1093,1634104
1688128412583,1070,1635174
1688128414713,1023,1636197
1688128414728,1015,1637212
1688128416762,1070,1638282
1688128416775,1007,1639289
1688128418713,1023,1640312
1688128418725,960,1641272
1688128420516,929,1642201
1688128420527,867,1643068
1688128422906,882,1643950
1688128422921,1085,1645035
1688128425098,1148,1646183
1688128425109,968,1647151
1688128427049,1273,1648424
1688128427060,929,1649353
1688128428999,992,1650345
1688128429012,968,1651313
1688128431046,921,1652234
1688128431057,1117,1653351
1688128433047,898,1654249
1688128433060,1031,1655280
1688128434800,921,1656201
1688128434811,835,1657036
1688128436994,875,1657911
1688128437005,1000,1658911
1688128439140,1140,1660051
1688128439152,1140,1661191
1688128441186,976,1662167
1688128441198,1171,1663338
1688128443136,812,1664150
1688128443147,835,1664985
1688128445330,1046,1666031
1688128445342,1195,1667226
1688128447816,984,1668210
1688128447830,1132,1669342
1688128449865,1218,1670560
1688128449876,992,1671552
1688128451716,968,1672520
1688128451728,945,1673465
1688128453471,921,1674386
1688128453482,882,1675268
1688128455274,875,1676143
1688128455286,882,1677025
1688128456934,867,1677892
1688128456945,828,1678720
1688128458787,804,1679524
1688128458797,820,1680344
1688128460491,929,1681273
1688128460502,843,1682116
1688128462345,882,1682998
1688128462354,906,1683904
1688128464148,898,1684802
1688128464159,867,1685669
1688128466392,906,1686575
1688128466405,1062,1687637
1688128468584,1093,1688730
1688128468596,1078,1689808
1688128470729,1023,1690831
1688128470740,1078,1691909
1688128472874,1062,1692971
1688128472888,1062,1694033
1688128475118,1054,1695087
1688128475131,1062,1696149
1688128477408,1101,1697250
1688128477421,1109,1698359
1688128479749,1140,1699499
1688128479763,1164,1700663
1688128481505,1125,1701788
1688128481516,898,1702686
1688128483406,812,1703498
1688128483417,1000,1704498
1688128485354,835,1705333
1688128485365,843,1706176
1688128487648,1085,1707261
1688128487663,1460,1708721
1688128489987,765,1709486
1688128489998,1250,1710736
1688128492182,1046,1711782
1688128492195,1070,1712852
1688128494226,1078,1713930
1688128494237,1039,1714969
1688128496423,953,1715922
1688128496435,1031,1716953
1688128498468,1101,1718054
1688128498484,968,1719022
1688128500369,984,1720006
1688128500380,1000,1721006
1688128502564,921,1721927
1688128502575,1062,1722989
1688128504660,1046,1724035
1688128504676,1101,1725136
1688128506806,960,1726096
1688128506818,976,1727072
1688128509050,1101,1728173
1688128509061,1164,1729337
1688128511144,1023,1730360
1688128511154,1023,1731383
1688128512753,953,1732336
1688128512760,750,1733086
1688128514361,867,1733953
1688128514372,789,1734742
1688128516020,812,1735554
1688128516033,843,1736397
1688128517386,796,1737193
1688128517397,835,1738028
1688128523086,812,1738840
1688128523094,898,1739738
1688128524891,976,1740714
1688128524901,968,1741682
1688128526987,859,1742541
1688128526996,953,1743494
1688128529133,1101,1744595
1688128529145,1062,1745657
1688128531569,1031,1746688
1688128531576,1148,1747836
1688128533715,1218,1749054
1688128533728,1125,1750179
1688128535763,976,1751155
1688128535775,992,1752147
1688128537713,1023,1753170
1688128537723,921,1754091
1688128539956,968,1755059
1688128539968,1125,1756184
1688128542101,1093,1757277
1688128542115,976,1758253
1688128544344,1101,1759354
1688128544354,1164,1760518
1688128546538,1015,1761533
1688128546555,1015,1762548
1688128548587,1140,1763688
1688128548599,1062,1764750
1688128550779,937,1765687
1688128550796,1046,1766733
1688128552826,1101,1767834
1688128552836,953,1768787
1688128555314,1046,1769833
1688128555325,1273,1771106
1688128557848,1156,1772262
1688128557860,1187,1773449
1688128560042,1203,1774652
1688128560050,1117,1775769
1688128562528,1109,1776878
1688128562540,1210,1778088
1688128564916,1109,1779197
1688128564926,1171,1780368
1688128567209,1257,1781625
1688128567220,1039,1782664
1688128569450,1179,1783843
1688128569461,1195,1785038
1688128571741,1015,1786053
1688128571753,1195,1787248
1688128574032,1031,1788279
1688128574044,1070,1789349
1688128576226,1171,1790520
1688128576239,1140,1791660
1688128578081,1023,1792683
1688128578092,867,1793550
1688128579933,875,1794425
1688128579945,1000,1795425
1688128581978,875,1796300
1688128581985,906,1797206
1688128584026,1085,1798291
1688128584038,1093,1799384
1688128585978,906,1800290
1688128585990,921,1801211
1688128588023,992,1802203
1688128588035,1031,1803234
1688128590317,929,1804163
1688128590328,1078,1805241
1688128592657,1179,1806420
1688128592671,1078,1807498
1688128594900,1101,1808599
1688128594911,1164,1809763
1688128597335,1148,1810911
1688128597347,1117,1812028
1688128599482,1132,1813160
1688128599495,1109,1814269
1688128601871,1078,1815347
1688128601884,1179,1816526
1688128604258,1156,1817682
1688128604267,1109,1818791
1688128606646,1218,1820009
1688128606654,1171,1821180
1688128608988,1125,1822305
1688128608998,1203,1823508
1688128611327,1117,1824625
1688128611339,1078,1825703
1688128613569,1203,1826906
1688128613578,1078,1827984
1688128615764,1101,1829085
1688128615776,1148,1830233
1688128618154,1046,1831279
1688128618166,1179,1832458
1688128620442,1132,1833590
1688128620453,1195,1834785
1688128622735,1039,1835824
1688128622748,1132,1836956
1688128624977,1109,1838065
1688128624989,1039,1839104
1688128627317,1140,1840244
1688128627327,1007,1841251
1688128629463,1195,1842446
1688128629472,1132,1843578
1688128631804,1007,1844585
1688128631817,1085,1845670
1688128634288,1250,1846920
1688128634300,1179,1848099
1688128636530,1242,1849341
1688128636540,1156,1850497
1688128638873,1054,1851551
1688128638886,1171,1852722
1688128641067,1101,1853823
1688128641079,1023,1854846
1688128643113,1117,1855963
1688128643120,945,1856908
1688128645308,1023,1857931
1688128645320,1156,1859087
1688128647501,992,1860079
1688128647515,1000,1861079
1688128649402,1109,1862188
1688128649414,960,1863148
1688128651304,929,1864077
1688128651316,953,1865030
1688128653009,882,1865912
1688128653022,882,1866794
1688128655203,828,1867622
1688128655214,992,1868614
1688128657252,1140,1869754
1688128657263,992,1870746
1688128659444,984,1871730
1688128659463,1093,1872823
1688128661444,1093,1873916
1688128661456,953,1874869
1688128663638,992,1875861
1688128663651,1109,1876970
1688128666028,1023,1877993
1688128666039,1093,1879086
1688128668268,1226,1880312
1688128668280,1101,1881413
1688128670705,1093,1882506
1688128670716,1218,1883724
1688128673095,1164,1884888
1688128673106,1070,1885958
1688128675288,1203,1887161
1688128675300,1148,1888309
1688128677776,1078,1889387
1688128677788,1250,1890637
1688128680165,1140,1891777
1688128680174,1140,1892917
1688128682551,1226,1894143
1688128682558,1156,1895299
1688128684893,1140,1896439
1688128684908,1195,1897634
1688128687283,1101,1898735
1688128687295,1062,1899797
1688128689572,1210,1901007
1688128689583,1148,1902155
1688128691815,1109,1903264
1688128691827,1195,1904459
1688128694254,1062,1905521
1688128694265,1187,1906708
1688128696592,1164,1907872
1688128696606,1078,1908950
1688128698835,1210,1910160
1688128698845,1156,1911316
1688128701176,1054,1912370
1688128701188,1187,1913557
1688128703320,1078,1914635
1688128703330,1000,1915635
1688128705514,1101,1916736
1688128705528,1156,1917892
1688128707757,968,1918860
1688128707771,1046,1919906
1688128709757,1140,1921046
1688128709768,953,1921999
1688128711950,992,1922991
1688128711961,1132,1924123
1688128714242,1015,1925138
1688128714251,1101,1926239
1688128716433,1140,1927379
1688128716456,1015,1928394
1688128718679,1148,1929542
1688128718690,1132,1930674
1688128720872,984,1931658
1688128720886,1085,1932743
1688128722918,1117,1933860
1688128722930,945,1934805
1688128725015,1031,1935836
1688128725026,1085,1936921
1688128727355,1000,1937921
1688128727368,1125,1939046
1688128729502,1140,1940186
1688128729514,1007,1941193
1688128731644,1093,1942286
1688128731657,1085,1943371
1688128733887,945,1944316
1688128733897,1093,1945409
1688128735985,1132,1946541
1688128735997,984,1947525
1688128738128,1093,1948618
1688128738140,1125,1949743
1688128740421,968,1950711
1688128740432,1101,1951812
1688128742761,1132,1952944
1688128742774,1078,1954022
1688128744905,1203,1955225
1688128744917,1039,1956264
1688128747196,1062,1957326
1688128747208,1210,1958536
1688128749636,1039,1959575
1688128749648,1148,1960723
1688128751877,1226,1961949
1688128751893,1039,1962988
1688128754168,1132,1964120
1688128754176,1187,1965307
1688128756702,1054,1966361
1688128756715,1171,1967532
1688128758847,1203,1968735
1688128758859,1070,1969805
1688128761139,1140,1970945
1688128761150,1179,1972124
1688128763430,1046,1973170
1688128763442,1164,1974334
1688128765624,1078,1975412
1688128765637,984,1976396
1688128767671,1132,1977528
1688128767685,1078,1978606
1688128769816,937,1979543
1688128769826,1015,1980558
1688128771767,1093,1981651
1688128771778,937,1982588
1688128773911,953,1983541
1688128773921,1132,1984673
1688128776008,968,1985641
1688128776020,937,1986578
1688128778153,1117,1987695
1688128778161,1054,1988749
1688128780542,1031,1989780
1688128780557,1179,1990959
1688128782736,1132,1992091
1688128782747,1070,1993161
1688128784929,1101,1994262
1688128784940,1062,1995324
1688128787222,1039,1996363
1688128787233,1156,1997519
1688128789416,1093,1998612
1688128789428,984,1999596
1688128791562,1101,2000697
1688128791575,1117,2001814
1688128793902,1046,2002860
1688128793916,1164,2004024
1688128796142,1140,2005164
1688128796155,1015,2006179
1688128798288,1148,2007327
1688128798300,1117,2008444
1688128800580,1007,2009451
1688128800595,1117,2010568
1688128802870,1117,2011685
1688128802877,1007,2012692
1688128805016,1156,2013848
1688128805027,1117,2014965
1688128807258,1046,2016011
1688128807270,1164,2017175
1688128809551,1023,2018198
1688128809563,1007,2019205
1688128811791,1234,2020439
1688128811804,1078,2021517
1688128814132,1093,2022610
1688128814144,1218,2023828
1688128816422,1054,2024882
1688128816433,1093,2025975
1688128818520,1156,2027131
1688128818532,1000,2028131
1688128820762,1062,2029193
1688128820775,1148,2030341
1688128823006,1007,2031348
1688128823016,1101,2032449
1688128825198,1125,2033574
1688128825210,968,2034542
1688128827439,1085,2035627
1688128827466,1218,2036845
1688128829488,1046,2037891
1688128829518,953,2038844
1688128831342,1046,2039890
1688128831353,968,2040858
1688128833341,843,2041701
1688128833352,921,2042622
1688128834899,953,2043575
1688128834912,835,2044410
1688128836801,757,2045167
1688128836814,828,2045995
1688128839189,1023,2047018
1688128839202,1179,2048197
1688128841286,1164,2049361
1688128841297,1015,2050376
1688128843382,1023,2051399
1688128843400,1039,2052438
1688128845430,1023,2053461
1688128845440,984,2054445
1688128847283,984,2055429
1688128847295,937,2056366
1688128849378,906,2057272
1688128849390,976,2058248
1688128851425,1039,2059287
1688128851435,1000,2060287
1688128853621,1000,2061287
1688128853634,1093,2062380
1688128855862,1054,2063434
1688128855875,1000,2064434
1688128857911,1085,2065519
1688128857922,1085,2066604
1688128860202,1007,2067611
1688128860215,1101,2068712
1688128862250,1140,2069852
1688128862263,976,2070828
1688128864297,1039,2071867
1688128864306,1054,2072921
1688128866443,960,2073881
1688128866455,1062,2074943
1688128868637,1000,2075943
1688128868649,984,2076927
1688128870878,1171,2078098
1688128870889,1062,2079160
1688128873074,1085,2080245
1688128873085,1148,2081393
1688128875267,1039,2082432
1688128875279,1062,2083494
1688128877460,1070,2084564
1688128877471,984,2085548
1688128879604,1140,2086688
1688128879615,1093,2087781
1688128881895,1031,2088812
1688128881906,1171,2089983
1688128884238,1070,2091053
1688128884249,1070,2092123
1688128886332,1148,2093271
1688128886346,1007,2094278
1688128888525,1085,2095363
1688128888538,1117,2096480
1688128890865,1015,2097495
1688128890879,1195,2098690
1688128892815,1109,2099799
1688128892825,937,2100736
1688128894573,953,2101689
1688128894584,929,2102618
1688128896326,812,2103430
1688128896338,828,2104258
1688128898084,828,2105086
1688128898097,875,2105961
1688128899741,882,2106843
1688128899754,843,2107686
1688128901348,773,2108459
1688128901358,796,2109255
1688128903102,789,2110044
1688128903113,820,2110864
1688128904761,812,2111676
1688128904772,781,2112457
1688128906710,882,2113339
1688128906723,968,2114307
1688128908659,945,2115252
1688128908667,914,2116166
1688128910562,984,2117150
1688128910572,960,2118110
1688128912562,882,2118992
1688128912573,945,2119937
1688128914509,1046,2120983
1688128914520,1015,2121998
1688128916704,882,2122880
1688128916719,1015,2123895
1688128918800,1125,2125020
1688128918810,984,2126004
1688128921043,1062,2127066
1688128921055,1171,2128237
1688128923337,1031,2129268
1688128923347,1070,2130338
1688128925577,1140,2131478
1688128925591,1054,2132532
1688128927772,1132,2133664
1688128927783,1078,2134742
1688128930061,1070,2135812
1688128930070,1179,2136991
1688128932354,1023,2138014
1688128932366,1078,2139092
1688128934595,1171,2140263
1688128934609,1023,2141286
1688128936886,1171,2142457
1688128936898,1117,2143574
1688128939274,1125,2144699
1688128939280,1257,2145956
1688128941567,1101,2147057
1688128941581,1062,2148119
1688128943811,1171,2149290
1688128943822,1117,2150407
1688128946148,1046,2151453
1688128946154,1187,2152640
1688128948441,1109,2153749
1688128948453,1117,2154866
1688128950634,1117,2155983
1688128950646,968,2156951
1688128952780,1132,2158083
1688128952791,1125,2159208
1688128955218,1023,2160231
1688128955229,1210,2161441
1688128957459,1179,2162620
1688128957473,1062,2163682
1688128959555,1117,2164799
1688128959566,1085,2165884
1688128961505,914,2166798
1688128961511,921,2167719
1688128963408,1023,2168742
1688128963419,1000,2169742
1688128965016,859,2170601
1688128965026,765,2171366
1688128967309,812,2172178
1688128967320,929,2173107
1688128969794,1281,2174388
1688128969804,1242,2175630
1688128971840,1218,2176848
1688128971851,1007,2177855
1688128974084,921,2178776
1688128974096,1070,2179846
1688128976521,1195,2181041
1688128976535,1218,2182259
1688128978668,1156,2183415
1688128978679,1062,2184477
1688128980957,1031,2185508
1688128980967,1093,2186601
1688128983202,1140,2187741
1688128983214,1101,2188842
1688128985345,1093,2189935
1688128985356,1000,2190935
1688128987833,1070,2192005
1688128987848,1218,2193223
1688128990076,1226,2194449
1688128990088,1101,2195550
1688128992564,1070,2196620
1688128992577,1195,2197815
1688128994705,1242,2199057
1688128994716,1101,2200158
1688128997046,1007,2201165
1688128997057,1132,2202297
1688128999386,1140,2203437
1688128999397,1046,2204483
1688129001578,1171,2205654
1688129001585,1171,2206825
1688129003824,1015,2207840
1688129003838,1078,2208918
1688129005868,1070,2209988
1688129005875,937,2210925
1688129007966,1062,2211987
1688129007978,1109,2213096
1688129010257,968,2214064
1688129010270,1078,2215142
1688129012304,1101,2216243
1688129012316,1000,2217243
1688129014399,1078,2218321
1688129014405,1023,2219344
1688129016645,1015,2220359
1688129016659,1164,2221523
1688129018884,1023,2222546
1688129018896,1054,2223600
1688129021130,1179,2224779
1688129021142,1031,2225810
1688129023371,1125,2226935
1688129023382,1195,2228130
1688129025418,992,2229122
1688129025428,960,2230082
1688129027172,1031,2231113
1688129027179,921,2232034
1688129028784,796,2232830
1688129028797,773,2233603
1688129030977,804,2234407
1688129030990,898,2235305
1688129033415,1250,2236555
1688129033448,1179,2237734
1688129035657,1140,2238874
1688129035677,1117,2239991
1688129038045,1132,2241123
1688129038057,1125,2242248
1688129040192,1125,2243373
1688129040201,1093,2244466
1688129042336,1101,2245567
1688129042349,1031,2246598
1688129044481,1054,2247652
1688129044494,1070,2248722
1688129046722,1023,2249745
1688129046735,1070,2250815
1688129049015,1125,2251940
1688129049026,1085,2253025
1688129051208,1085,2254110
1688129051219,1109,2255219
1688129053693,1085,2256304
1688129053701,1187,2257491
1688129055937,1140,2258631
1688129055951,1117,2259748
1688129058130,1187,2260935
1688129058142,1109,2262044
1688129060519,1031,2263075
1688129060530,1210,2264285
1688129062861,1101,2265386
1688129062874,1101,2266487
1688129065054,1171,2267658
1688129065064,1000,2268658
1688129067199,1125,2269783
1688129067208,1148,2270931
1688129069441,984,2271915
1688129069454,1109,2273024
1688129071780,1093,2274117
1688129071793,1093,2275210
1688129073925,1148,2276358
1688129073938,992,2277350
1688129076268,1054,2278404
1688129076280,1250,2279654
1688129078608,1117,2280771
1688129078621,1078,2281849
1688129080801,1195,2283044
1688129080812,1062,2284106
1688129083044,1062,2285168
1688129083056,1179,2286347
1688129085382,1054,2287401
1688129085415,1054,2288455
1688129087479,1203,2289658
1688129087489,1015,2290673
1688129089623,1046,2291719
1688129089636,1125,2292844
1688129091525,929,2293773
1688129091535,843,2294616
1688129093426,984,2295600
1688129093437,1023,2296623
1688129095037,875,2297498
1688129095048,765,2298263
1688129096742,835,2299098
1688129096753,828,2299926
1688129098155,726,2300652
1688129098166,726,2301378
1688129099570,750,2302128
1688129099581,726,2302854
1688129101031,679,2303533
1688129101042,710,2304243
1688129102445,648,2304891
1688129102457,671,2305562
1688129104103,742,2306304
1688129104112,875,2307179
1688129105613,750,2307929
1688129105624,757,2308686
1688129106931,718,2309404
1688129106942,632,2310036
1688129108246,656,2310692
1688129108257,695,2311387
1688129109514,593,2311980
1688129109526,648,2312628
1688129110781,593,2313221
1688129110793,625,2313846
1688129112098,625,2314471
1688129112110,656,2315127
1688129113462,625,2315752
1688129113473,656,2316408
1688129114926,671,2317079
1688129114937,710,2317789
1688129116436,726,2318515
1688129116449,734,2319249
1688129117997,734,2319983
1688129118009,703,2320686
1688129119313,695,2321381
1688129119324,664,2322045
1688129120680,671,2322716
1688129120692,664,2323380
1688129122189,718,2324098
1688129122201,718,2324816
1688129123751,710,2325526
1688129123764,781,2326307
1688129125456,820,2327127
1688129125465,851,2327978
1688129127064,804,2328782
1688129127074,765,2329547
1688129128722,820,2330367
1688129128734,820,2331187
1688129130234,804,2331991
1688129130247,687,2332678
1688129131648,710,2333388
1688129131659,718,2334106
1688129133355,718,2334824
1688129133366,835,2335659
1688129134962,804,2336463
1688129134973,796,2337259
1688129136719,781,2338040
1688129136732,890,2338930
1688129138278,843,2339773
1688129138290,742,2340515
1688129139985,781,2341296
1688129139997,828,2342124
1688129141592,820,2342944
1688129141605,796,2343740
1688129143298,765,2344505
1688129143308,875,2345380
1688129145004,828,2346208
1688129145014,781,2346989
1688129146761,843,2347832
1688129146771,867,2348699
1688129148368,812,2349511
1688129148377,789,2350300
1688129149977,812,2351112
1688129149990,781,2351893
1688129151635,812,2352705
1688129151648,789,2353494
1688129153341,812,2354306
1688129153354,789,2355095
1688129154901,742,2355837
1688129154912,820,2356657
1688129156461,812,2357469
1688129156472,773,2358242
1688129158070,781,2359023
1688129158081,773,2359796
1688129159681,804,2360600
1688129159693,796,2361396
1688129161337,781,2362177
1688129161350,820,2362997
1688129163043,812,2363809
1688129163053,828,2364637
1688129164751,828,2365465
1688129164762,828,2366293
1688129166408,796,2367089
1688129166419,789,2367878
1688129167965,804,2368682
1688129167972,796,2369478
1688129169672,789,2370267
1688129169677,828,2371095
1688129171282,859,2371954
1688129171294,765,2372719
1688129172940,789,2373508
1688129172951,796,2374304
1688129174596,820,2375124
1688129174608,789,2375913
1688129176207,781,2376694
1688129176218,796,2377490
1688129177814,828,2378318
1688129177825,789,2379107
1688129179522,773,2379880
1688129179534,828,2380708
1688129181177,828,2381536
1688129181186,804,2382340
1688129182933,812,2383152
1688129182943,890,2384042
1688129184591,843,2384885
1688129184602,757,2385642
1688129186199,828,2386470
1688129186211,828,2387298
1688129187809,750,2388048
1688129187820,781,2388829
1688129189514,828,2389657
1688129189527,812,2390469
1688129191271,828,2391297
1688129191282,812,2392109
1688129192830,796,2392905
1688129192841,804,2393709
1688129194439,812,2394521
1688129194450,804,2395325
1688129196046,789,2396114
1688129196058,757,2396871
1688129197704,804,2397675
1688129197715,812,2398487
1688129199411,804,2399291
1688129199423,820,2400111
1688129201070,843,2400954
1688129201082,835,2401789
1688129202677,750,2402539
1688129202688,781,2403320
1688129204335,835,2404155
1688129204345,796,2404951
1688129206090,796,2405747
1688129206101,851,2406598
1688129207699,835,2407433
1688129207712,781,2408214
1688129209210,812,2409026
1688129209221,757,2409783
1688129210916,757,2410540
1688129210929,828,2411368
1688129212525,796,2412164
1688129212536,726,2412890
1688129213841,765,2413655
1688129213851,851,2414506
1688129215402,539,2415045
1688129215415,757,2415802
1688129216767,750,2416552
1688129216778,609,2417161
1688129218375,710,2417871
1688129218386,742,2418613
1688129220278,835,2419448
1688129220290,890,2420338
1688129222129,921,2421259
1688129222140,890,2422149
1688129223935,953,2423102
1688129223948,843,2423945
1688129225687,890,2424835
1688129225698,859,2425694
1688129227394,882,2426576
1688129227406,843,2427419
1688129229099,835,2428254
1688129229109,851,2429105
1688129230807,773,2429878
1688129230819,843,2430721
1688129232562,867,2431588
1688129232573,812,2432400
1688129234317,882,2433282
1688129234329,867,2434149
1688129236071,859,2435008
1688129236082,882,2435890
1688129237826,851,2436741
1688129237838,875,2437616
1688129239484,812,2438428
1688129239495,789,2439217
1688129240947,812,2440029
1688129240960,742,2440771
1688129242409,734,2441505
1688129242420,687,2442192
1688129243970,750,2442942
1688129243981,781,2443723
1688129245627,734,2444457
1688129245639,773,2445230
1688129247285,835,2446065
1688129247296,781,2446846
1688129248941,804,2447650
1688129248946,828,2448478
1688129250454,804,2449282
1688129250466,773,2450055
1688129251964,734,2450789
1688129251976,734,2451523
1688129253574,710,2452233
1688129253585,726,2452959
1688129255329,843,2453802
1688129255340,867,2454669
1688129257183,859,2455528
1688129257195,898,2456426
1688129258887,875,2457301
1688129258899,820,2458121
1688129260544,875,2458996
1688129260556,820,2459816
1688129262202,812,2460628
1688129262213,820,2461448
1688129263763,734,2462182
1688129263774,757,2462939
1688129265420,820,2463759
1688129265431,796,2464555
1688129267223,835,2465390
1688129267236,898,2466288
1688129269078,835,2467123
1688129269089,867,2467990
1688129270638,843,2468833
1688129270649,828,2469661
1688129272294,820,2470481
1688129272307,789,2471270
1688129273953,820,2472090
1688129273966,820,2472910
1688129275659,789,2473699
1688129275670,804,2474503
1688129277266,851,2475354
1688129277277,789,2476143
1688129278974,789,2476932
1688129278984,796,2477728
1688129280533,835,2478563
1688129280544,781,2479344
1688129282189,773,2480117
1688129282196,843,2480960
1688129283751,796,2481756
1688129283763,773,2482529
1688129285359,742,2483271
1688129285372,781,2484052
1688129286872,765,2484817
1688129286886,781,2485598
1688129288430,726,2486324
1688129288444,765,2487089
1688129290039,750,2487839
1688129290052,773,2488612
1688129291648,773,2489385
1688129291661,789,2490174
1688129293256,773,2490947
1688129293267,804,2491751
1688129294914,789,2492540
1688129294922,765,2493305
1688129296620,851,2494156
1688129296630,812,2494968
1688129298181,796,2495764
1688129298192,789,2496553
1688129299791,773,2497326
1688129299803,828,2498154
1688129301495,781,2498935
1688129301509,796,2499731
1688129303203,859,2500590
1688129303214,820,2501410
1688129304909,843,2502253
1688129304920,804,2503057
1688129306568,835,2503892
1688129306580,859,2504751
1688129308321,796,2505547
1688129308332,835,2506382
1688129309980,867,2507249
1688129309991,796,2508045
1688129311686,820,2508865
1688129311697,828,2509693
1688129313391,828,2510521
1688129313402,843,2511364
1688129315148,851,2512215
1688129315158,804,2513019
1688129316903,914,2513933
1688129316914,843,2514776
1688129318705,835,2515611
1688129318720,843,2516454
1688129320266,835,2517289
1688129320278,828,2518117
1688129321825,781,2518898
1688129321837,804,2519702
1688129323238,718,2520420
1688129323247,695,2521115
1688129324846,710,2521825
1688129324854,804,2522629
1688129326602,773,2523402
1688129326612,843,2524245
1688129328162,835,2525080
1688129328173,843,2525923
1688129329918,718,2526641
1688129329930,843,2527484
1688129331526,851,2528335
1688129331538,843,2529178
1688129333135,742,2529920
1688129333145,781,2530701
1688129334548,757,2531458
1688129334559,664,2532122
1688129336112,703,2532825
1688129336123,750,2533575
1688129337768,789,2534364
1688129337780,796,2535160
1688129339523,843,2536003
1688129339535,835,2536838
1688129341132,851,2537689
1688129341142,828,2538517
1688129342787,781,2539298
1688129342796,765,2540063
1688129344201,812,2540875
1688129344212,687,2541562
1688129345713,703,2542265
1688129345725,695,2542960
1688129347323,773,2543733
1688129347333,781,2544514
1688129348783,781,2545295
1688129348793,734,2546029
1688129350393,718,2546747
1688129350402,773,2547520
1688129352147,804,2548324
1688129352155,796,2549120
1688129353709,867,2549987
1688129353720,828,2550815
1688129355463,734,2551549
1688129355470,789,2552338
1688129357561,906,2553244
1688129357574,1046,2554290
1688129359606,1000,2555290
1688129359620,984,2556274
1688129361803,1054,2557328
1688129361814,1117,2558445
1688129363993,992,2559437
1688129364000,1070,2560507
1688129366189,1085,2561592
1688129366200,1046,2562638
1688129368236,1078,2563716
1688129368249,1000,2564716
1688129370332,960,2565676
1688129370345,1031,2566707
1688129372038,1039,2567746
1688129372050,882,2568628
1688129373990,812,2569440
1688129374002,882,2570322
1688129375841,1015,2571337
1688129375852,945,2572282
1688129378035,859,2573141
1688129378047,1046,2574187
1688129379838,1093,2575280
1688129379850,906,2576186
1688129381740,875,2577061
1688129381750,898,2577959
1688129383300,851,2578810
1688129383313,835,2579645
1688129385153,804,2580449
1688129385164,890,2581339
1688129386958,906,2582245
1688129386970,867,2583112
1688129388857,882,2583994
1688129388868,929,2584923
1688129390612,921,2585844
1688129390623,875,2586719
1688129392417,859,2587578
1688129392426,875,2588453
1688129394220,867,2589320
1688129394231,890,2590210
1688129395976,898,2591108
1688129395987,882,2591990
1688129397633,828,2592818
1688129397645,796,2593614
1688129399387,820,2594434
1688129399399,851,2595285
1688129400850,820,2596105
1688129400860,750,2596855
1688129402360,695,2597550
1688129402366,757,2598307
1688129403873,742,2599049
1688129403887,710,2599759
1688129405336,765,2600524
1688129405349,750,2601274
1688129406798,687,2601961
1688129406809,656,2602617
1688129408214,687,2603304
1688129408225,718,2604022
1688129409625,718,2604740
1688129409636,687,2605427
1688129410990,679,2606106
1688129411000,679,2606785
1688129412356,656,2607441
1688129412368,664,2608105
1688129413672,664,2608769
1688129413684,640,2609409
1688129414989,656,2610065
1688129414999,609,2610674
1688129416255,648,2611322
1688129416267,640,2611962
1688129417572,632,2612594
1688129417583,640,2613234
1688129418888,664,2613898
1688129418900,640,2614538
1688129420204,609,2615147
1688129420216,640,2615787
1688129421520,664,2616451
1688129421532,648,2617099
1688129422836,617,2617716
1688129422843,648,2618364
1688129424202,664,2619028
1688129424214,656,2619684
1688129425469,656,2620340
1688129425479,640,2620980
1688129426786,617,2621597
1688129426797,656,2622253
1688129428150,625,2622878
1688129428163,656,2623534
1688129429420,648,2624182
1688129429431,648,2624830
1688129430785,632,2625462
1688129430798,656,2626118
1688129432100,656,2626774
1688129432111,632,2627406
1688129433270,609,2628015
1688129433282,640,2628655
1688129434538,546,2629201
1688129434549,609,2629810
1688129435805,625,2630435
1688129435818,625,2631060
1688129437025,617,2631677
1688129437036,601,2632278
1688129438389,570,2632848
1688129438402,601,2633449
1688129439559,625,2634074
1688129439571,632,2634706
1688129440826,617,2635323
1688129440834,609,2635932
1688129442045,625,2636557
1688129442056,593,2637150
1688129443216,609,2637759
1688129443227,585,2638344
1688129444433,554,2638898
1688129444445,578,2639476
1688129445606,585,2640061
1688129445617,585,2640646
1688129446773,585,2641231
1688129446783,593,2641824
1688129447992,546,2642370
1688129448005,593,2642963
1688129449116,585,2643548
1688129449127,593,2644141
1688129450334,507,2644648
1688129450346,601,2645249
1688129451601,609,2645858
1688129451612,632,2646490
1688129452867,609,2647099
1688129452878,601,2647700
1688129454088,570,2648270
1688129454100,617,2648887
1688129455305,609,2649496
1688129455317,585,2650081
1688129456524,617,2650698
1688129456535,578,2651276
1688129457742,609,2651885
1688129457754,609,2652494
1688129458864,609,2653103
1688129458876,523,2653626
1688129460132,570,2654196
1688129460143,531,2654727
1688129461253,640,2655367
1688129461268,570,2655937
1688129462473,585,2656522
1688129462484,578,2657100
1688129463545,578,2657678
1688129463557,531,2658209
1688129464811,546,2658755
1688129464822,601,2659356
1688129465982,585,2659941
1688129465994,570,2660511
1688129467103,593,2661104
1688129467114,554,2661658
1688129468322,570,2662228
1688129468333,585,2662813
1688129469590,601,2663414
1688129469601,593,2664007
1688129470758,585,2664592
1688129470770,609,2665201
1688129471978,585,2665786
1688129471990,546,2666332
1688129473148,609,2666941
1688129473160,570,2667511
1688129474318,578,2668089
1688129474329,570,2668659
1688129475537,601,2669260
1688129475548,578,2669838
1688129476658,593,2670431
1688129476668,562,2670993
1688129477828,562,2671555
1688129477839,515,2672070
1688129479048,601,2672671
1688129479060,585,2673256
1688129480168,585,2673841
1688129480179,585,2674426
1688129481389,546,2674972
1688129481400,546,2675518
1688129482556,601,2676119
1688129482562,554,2676673
1688129483727,601,2677274
1688129483739,601,2677875
1688129486067,531,2678406
1688129486078,593,2678999
1688129487139,546,2679545
1688129487148,593,2680138
1688129488164,539,2680677
1688129488177,523,2681200
1688129489382,515,2681715
1688129489393,578,2682293
1688129490504,570,2682863
1688129490515,554,2683417
1688129491578,546,2683963
1688129491590,523,2684486
1688129492748,554,2685040
1688129492759,554,2685594
1688129493867,539,2686133
1688129493880,515,2686648
1688129494988,562,2687210
1688129495001,570,2687780
1688129496109,593,2688373
1688129496122,570,2688943
1688129497279,523,2689466
1688129497291,554,2690020
1688129498450,570,2690590
1688129498461,593,2691183
1688129499620,546,2691729
1688129499632,507,2692236
1688129500643,523,2692759
1688129500653,562,2693321
1688129501718,570,2693891
1688129501729,523,2694414
1688129502838,507,2694921
1688129502849,546,2695467
1688129503959,546,2696013
1688129503970,554,2696567
1688129505031,531,2697098
1688129505044,531,2697629
1688129506152,546,2698175
1688129506164,539,2698714
1688129507225,539,2699253
1688129507238,531,2699784
1688129508395,531,2700315
1688129508407,570,2700885
1688129509467,546,2701431
1688129509478,515,2701946
1688129510591,523,2702469
1688129510602,531,2703000
1688129511612,562,2703562
1688129511623,546,2704108
1688129512734,492,2704600
1688129512746,531,2705131
1688129513857,546,2705677
1688129513867,539,2706216
1688129514976,515,2706731
1688129514988,523,2707254
1688129516000,562,2707816
1688129516012,546,2708362
1688129517073,500,2708862
1688129517083,500,2709362
1688129518195,554,2709916
1688129518206,554,2710470
1688129519314,539,2711009
1688129519327,484,2711493
1688129520390,562,2712055
1688129520400,554,2712609
1688129521461,515,2713124
1688129521472,531,2713655
1688129522533,523,2714178
1688129522545,539,2714717
1688129523605,515,2715232
1688129523615,500,2715732
1688129524726,539,2716271
1688129524738,570,2716841
1688129525751,507,2717348
1688129525764,492,2717840
1688129526872,523,2718363
1688129526883,546,2718909
1688129527895,546,2719455
1688129527908,554,2720009
1688129529066,468,2720477
1688129529077,570,2721047
1688129530187,539,2721586
1688129530198,515,2722101
1688129531259,593,2722694
1688129531269,500,2723194
1688129532332,476,2723670
1688129532343,570,2724240
1688129533357,562,2724802
1688129533370,484,2725286
1688129534477,492,2725778
1688129534490,539,2726317
1688129535549,570,2726887
1688129535558,523,2727410
1688129536622,507,2727917
1688129536633,484,2728401
1688129537647,562,2728963
1688129537659,531,2729494
1688129538720,507,2730001
1688129538732,492,2730493
1688129539889,546,2731039
1688129539899,523,2731562
1688129540914,546,2732108
1688129540924,500,2732608
1688129541986,539,2733147
1688129541998,531,2733678
1688129543057,531,2734209
1688129543069,531,2734740
1688129544129,500,2735240
1688129544141,539,2735779
1688129545299,539,2736318
1688129545312,523,2736841
1688129546323,523,2737364
1688129546335,492,2737856
1688129547347,546,2738402
1688129547358,546,2738948
1688129548421,515,2739463
1688129548434,539,2740002
1688129549492,468,2740470
1688129549503,531,2741001
1688129550517,539,2741540
1688129550528,476,2742016
1688129551539,515,2742531
1688129551550,492,2743023
1688129552662,531,2743554
1688129552672,554,2744108
1688129553685,507,2744615
1688129553695,468,2745083
1688129554757,539,2745622
1688129554766,539,2746161
1688129555781,515,2746676
1688129555792,515,2747191
1688129556853,484,2747675
1688129556866,531,2748206
1688129557927,531,2748737
1688129557938,546,2749283
1688129559049,492,2749775
1688129559062,515,2750290
1688129560120,546,2750836
1688129560131,546,2751382
1688129561144,523,2751905
1688129561154,492,2752397
1688129562265,523,2752920
1688129562278,554,2753474
1688129563289,539,2754013
1688129563300,476,2754489
1688129564458,500,2754989
1688129564467,554,2755543
1688129565434,539,2756082
1688129565446,507,2756589
1688129566556,484,2757073
1688129566568,523,2757596
1688129567627,554,2758150
1688129567638,507,2758657
1688129568699,484,2759141
1688129568704,515,2759656
1688129569723,531,2760187
1688129569734,546,2760733
1688129570747,523,2761256
1688129570758,500,2761756
1688129571820,507,2762263
1688129571834,562,2762825
1688129572941,515,2763340
1688129572951,531,2763871
1688129574065,531,2764402
1688129574076,539,2764941
1688129575186,570,2765511
1688129575198,546,2766057
1688129576306,539,2766596
1688129576318,539,2767135
1688129577475,585,2767720
1688129577485,531,2768251
1688129578596,531,2768782
1688129578609,554,2769336
1688129579671,554,2769890
1688129579683,570,2770460
1688129580889,523,2770983
1688129580899,578,2771561
1688129582109,617,2772178
1688129582121,562,2772740
1688129583374,640,2773380
1688129583385,632,2774012
1688129584739,585,2774597
1688129584752,625,2775222
1688129585762,617,2775839
1688129585773,546,2776385
1688129586933,570,2776955
1688129586944,578,2777533
1688129588105,523,2778056
1688129588117,593,2778649
1688129589223,546,2779195
1688129589236,546,2779741
1688129590443,585,2780326
1688129590454,554,2780880
1688129591565,578,2781458
1688129591576,570,2782028
1688129592736,554,2782582
1688129592745,562,2783144
1688129597219,539,2783683
1688129597232,554,2784237
1688129598438,1062,2785299
1688129598450,554,2785853
1688129599708,593,2786446
1688129599719,570,2787016
1688129600974,578,2787594
1688129600985,648,2788242
1688129602289,687,2788929
1688129602302,664,2789593
1688129603802,656,2790249
1688129603811,718,2790967
1688129605214,726,2791693
1688129605224,687,2792380
1688129606630,679,2793059
1688129606641,718,2793777
1688129608093,679,2794456
1688129608104,687,2795143
1688129609556,726,2795869
1688129609569,742,2796611