timestamp, rr, since_start 

1688126297704,919,16064
1688126298681,1207,17271
1688126298693,695,17966
1688126304713,1167,19133
1688126305707,1047,20180
1688126307686,951,21131
1688126309693,1111,22242
1688126309705,959,23201
1688126311736,1047,24248
1688126314702,1071,25319
1688126315692,1015,26334
1688126317703,1295,27629
1688126319683,847,28476
1688126320702,1127,29603
1688126325686,975,30578
1688126328684,735,31313
1688126337682,1007,32320
1688126338703,927,33247
1688126339693,735,33982
1688126340684,1095,35077
1688126341706,1015,36092
1688126348693,903,36995
1688126349683,943,37938
1688126350702,1000,38938
1688126351695,959,39897
1688126352686,847,40744
1688126352699,959,41703
1688126358686,815,42518
1688126359734,823,43341
1688126360693,887,44228
1688126361712,919,45147
1688126362704,863,46010
1688126363695,959,46969
1688126364685,1087,48056
1688126365704,1151,49207
1688126366694,1015,50222
1688126367683,1015,51237
1688126368674,1015,52252
1688126369693,1031,53283
1688126370685,967,54250
1688126371674,959,55209
1688126372694,991,56200
1688126373682,719,56919
1688126380674,1111,58030
1688126381693,1007,59037
1688126382684,1055,60092
1688126383673,1047,61139
1688126384692,1055,62194
1688126388685,1383,63577
1688126394683,1087,64664
1688126395705,1047,65711
1688126396692,1087,66798
1688126397683,1063,67861
1688126398675,1047,68908
1688126403683,583,69491
1688126406686,1023,70514
1688126407672,1000,71514
1688126418687,887,72401
1688126419673,799,73200
1688126420694,807,74007
1688126421685,855,74862
1688126421699,775,75637
1688126424685,935,76572
1688126425673,1000,77572
1688126426694,975,78547
1688126427684,983,79530
1688126428703,1071,80601
1688126431673,887,81488
1688126434674,1015,82503
1688126435695,1023,83526
1688126436712,991,84517
1688126437672,1023,85540
1688126438693,1031,86571
1688126439681,1000,87571
1688126440762,951,88522
1688126441694,975,89497
1688126442682,959,90456
1688126448682,975,91431
1688126449672,1055,92486
1688126450693,927,93413
1688126451684,967,94380
1688126452674,983,95363
1688126453694,1023,96386
1688126454713,959,97345
1688126455672,991,98336
1688126456695,1055,99391
1688126457684,1055,100446
1688126458675,1023,101469
1688126459693,1063,102532
1688126460683,983,103515
1688126461704,1000,104515
1688126462694,1055,105570
1688126463684,1127,106697
1688126464675,1047,107744
1688126465695,1111,108855
1688126467674,1159,110014
1688126471694,935,110949
1688126472682,943,111892
1688126473673,1111,113003
1688126475683,1239,114242
1688126475696,879,115121
1688126476735,871,115992
1688126477722,863,116855
1688126478683,975,117830
1688126479675,1015,118845
1688126480694,935,119780
1688126481714,935,120715
1688126482674,1047,121762
1688126483692,1103,122865
1688126484682,951,123816
1688126485674,1055,124871
1688126486723,1143,126014
1688126488673,1175,127189
1688126489722,1047,128236
1688126490682,1127,129363
1688126491703,1111,130474
1688126492693,991,131465
1688126493712,1071,132536
1688126494704,1199,133735
1688126495692,1111,134846
1688126496684,1055,135901
1688126497673,935,136836
1688126498695,1031,137867
1688126499683,1119,138986
1688126503674,1127,140113
1688126504695,967,141080
1688126505683,1039,142119
1688126506674,1079,143198
1688126507692,951,144149
1688126508684,1071,145220
1688126511684,967,146187
1688126512673,1007,147194
1688126513692,1151,148345
1688126514683,935,149280
1688126515675,1000,150280
1688126516693,1135,151415
1688126517685,991,152406
1688126518674,991,153397
1688126519661,1103,154500
1688126520683,1135,155635
1688126521673,935,156570
1688126522663,1095,157665
1688126523684,1143,158808
1688126524673,967,159775
1688126525662,1047,160822
1688126526743,1063,161885
1688126527705,943,162828
1688126528694,935,163763
1688126529715,1000,164763
1688126530672,1039,165802
1688126531662,911,166713
1688126532684,951,167664
1688126533703,1047,168711
1688126534662,1039,169750
1688126535683,967,170717
1688126536672,1055,171772
1688126537662,1079,172851
1688126538683,935,173786
1688126539674,1007,174793
1688126540665,1071,175864
1688126541686,959,176823
1688126542673,1023,177846
1688126543662,1087,178933
1688126544685,991,179924
1688126545673,1015,180939
1688126546695,1079,182018
1688126547683,959,182977
1688126548672,991,183968
1688126550684,1087,185055
1688126551675,1055,186110
1688126555693,1303,187413
1688126555708,935,188348
1688126559712,871,189219
1688126560702,855,190074
1688126561695,831,190905
1688126562683,759,191664
1688126563676,743,192407
1688126563689,687,193094
1688126566671,1103,194197
1688126569673,1039,195236
1688126570663,1071,196307
1688126571713,1095,197402
1688126572672,983,198385
1688126573663,919,199304
1688126574685,991,200295
1688126575674,951,201246
1688126576664,951,202197
1688126577682,943,203140
1688126578702,887,204027
1688126579663,783,204810
1688126580685,1047,205857
1688126581673,1071,206928
1688126582664,1095,208023
1688126583681,967,208990
1688126584675,1119,210109
1688126585663,1111,211220
1688126586685,1191,212411
1688126588665,1191,213602
1688126589682,1167,214769
1688126590674,1039,215808
1688126591666,1071,216879
1688126592715,1119,217998
1688126593703,1159,219157
1688126594662,1071,220228
1688126595711,1111,221339
1688126597662,1215,222554
1688126598684,1215,223769
1688126599675,1239,225008
1688126600693,1031,226039
1688126601652,1087,227126
1688126602672,895,228021
1688126603665,903,228924
1688126604655,975,229899
1688126605673,1143,231042
1688126606665,943,231985
1688126607682,975,232960
1688126608674,1135,234095
1688126609665,1295,235390
1688126611676,1263,236653
1688126612662,1223,237876
1688126613682,1215,239091
1688126617675,799,239890
1688126618662,815,240705
1688126619682,863,241568
1688126620674,887,242455
1688126620687,855,243310
1688126621665,751,244061
1688126622683,831,244892
1688126623675,991,245883
1688126628684,1087,246970
1688126629675,1071,248041
1688126630663,1103,249144
1688126631685,1000,250144
1688126632673,911,251055
1688126633663,1023,252078
1688126634684,991,253069
1688126635675,943,254012
1688126636663,903,254915
1688126637682,1039,255954
1688126638674,1175,257129
1688126639663,1175,258304
1688126640685,1167,259471
1688126641673,1151,260622
1688126643653,1135,261757
1688126644675,1127,262884
1688126645663,1111,263995
1688126646684,1079,265074
1688126647672,1103,266177
1688126648662,1143,267320
1688126649685,1103,268423
1688126650673,895,269318
1688126651665,943,270261
1688126652685,911,271172
1688126653672,975,272147
1688126654662,1127,273274
1688126655652,1143,274417
1688126656674,967,275384
1688126657664,943,276327
1688126658714,1007,277334
1688126662675,1135,278469
1688126663663,1095,279564
1688126664653,975,280539
1688126665702,1007,281546
1688126666662,1071,282617
1688126667655,1055,283672
1688126670652,1151,284823
1688126671672,1135,285958
1688126672662,975,286933
1688126673655,1055,287988
1688126674674,975,288963
1688126675665,871,289834
1688126676655,919,290753
1688126677672,967,291720
1688126678664,975,292695
1688126683671,807,293502
1688126683677,831,294333
1688126684662,783,295116
1688126688652,967,296083
1688126689702,975,297058
1688126690663,967,298025
1688126691655,927,298952
1688126696662,759,299711
1688126697654,711,300422
1688126698675,775,301197
1688126698686,799,301996
1688126699694,951,302947
1688126700652,871,303818
1688126701672,1063,304881
1688126702663,847,305728
1688126703654,1175,306903
1688126704673,1023,307926
1688126705665,615,308541
1688126706652,1119,309660
1688126709683,1103,310763
1688126712652,567,311330
1688126716702,703,312033
1688126717662,687,312720
1688126718652,743,313463
1688126718658,799,314262
1688126719674,831,315093
1688126720663,767,315860
1688126721655,815,316675
1688126722705,879,317554
1688126725674,1000,318554
1688126729662,959,319513
1688126733654,1039,320552
1688126739655,1167,321719
1688126740674,1007,322726
1688126741662,1127,323853
1688126742681,1231,325084
1688126743674,1039,326123
1688126744664,1039,327162
1688126745685,927,328089
1688126746673,991,329080
1688126752674,847,329927
1688126753662,1055,330982
1688126754652,1135,332117
1688126757654,895,333012
1688126761675,647,333659
1688126762663,927,334586
1688126763655,847,335433
1688126764675,687,336120
1688126767673,631,336751
1688126768664,575,337326
1688126776672,663,337989
1688126785673,519,338508
1688126789662,823,339331
1688126800642,1063,340394
1688126801662,1071,341465
1688126802655,927,342392
1688126803643,1015,343407
1688126804663,903,344310
1688126805653,959,345269
1688126806642,1000,346269
1688126806650,895,347164
1688126807662,975,348139
1688126810663,1031,349170
1688126811654,975,350145
1688126812642,935,351080
1688126813662,991,352071
1688126814653,1031,353102
1688126815644,927,354029
1688126816663,975,355004
1688126817653,1063,356067
1688126818642,1023,357090
1688126819662,1031,358121
1688126820655,1143,359264
1688126822666,1151,360415
1688126823652,1199,361614
1688126824642,1199,362813
1688126825662,1127,363940
1688126828665,903,364843
1688126829652,1079,365922
1688126833644,1087,367009
1688126834662,951,367960
1688126837663,1159,369119
1688126845642,887,370006
1688126850655,1103,371109
1688126851645,1103,372212
1688126852665,1087,373299
1688126853651,1007,374306
1688126854641,959,375265
1688126855665,975,376240
1688126856654,991,377231
1688126857642,927,378158
1688126858664,1055,379213
1688126859651,1215,380428
1688126861662,1111,381539
1688126862654,1071,382610
1688126863642,1159,383769
1688126864662,1095,384864
1688126865651,959,385823
1688126866643,951,386774
1688126867664,1023,387797
1688126868652,871,388668
1688126869643,895,389563
1688126871652,887,390450
1688126872643,1023,391473
1688126873694,1095,392568
1688126874683,991,393559
1688126876662,1079,394638
1688126877651,1071,395709
1688126878643,967,396676
1688126879662,1071,397747
1688126880653,1183,398930
1688126883651,1047,399977
1688126884642,1087,401064
1688126887645,1183,402247
1688126888662,1063,403310
1688126890642,1199,404509
1688126891634,1143,405652
1688126892655,1143,406795
1688126893642,1247,408042
1688126894633,1143,409185
1688126895682,991,410176
1688126896642,1111,411287
1688126897636,951,412238
1688126898654,991,413229
1688126899644,1111,414340
1688126900632,991,415331
1688126901652,1031,416362
1688126903634,1071,417433
1688126904652,1071,418504
1688126905642,1015,419519
1688126906632,1103,420622
1688126907683,1087,421709
1688126908673,1015,422724
1688126909633,1071,423795
1688126910655,1079,424874
1688126911643,1023,425897
1688126912631,1159,427056
1688126913652,1143,428199
1688126914644,1000,429199
1688126915635,1071,430270
1688126917641,1127,431397
1688126918632,1023,432420
1688126919653,1007,433427
1688126920642,1079,434506
1688126921633,1111,435617
1688126922655,951,436568
1688126923642,1039,437607
1688126924631,1079,438686
1688126925654,1047,439733
1688126926644,959,440692
1688126927633,1031,441723
1688126928653,1071,442794
1688126931652,951,443745
1688126936632,831,444576
1688126937653,927,445503
1688126938643,943,446446
1688126939635,919,447365
1688126940681,991,448356
1688126941642,975,449331
1688126942631,983,450314
1688126943654,951,451265
1688126944645,983,452248
1688126945632,919,453167
1688126946652,951,454118
1688126946661,903,455021
1688126947641,919,455940
1688126952652,871,456811
1688126956645,1095,457906
1688126958651,1119,459025
1688126959641,1007,460032
1688126960633,1000,461032
1688126961655,1071,462103
1688126962644,1151,463254
1688126963635,1135,464389
1688126964654,1000,465389
1688126965642,1111,466500
1688126966634,1167,467667
1688126967654,1151,468818
1688126969662,1175,469993
1688126970653,1071,471064
1688126971642,1055,472119
1688126972632,1191,473310
1688126973682,1199,474509
1688126974642,1111,475620
1688126975634,1119,476739
1688126976652,1223,477962
1688126978632,1159,479121
1688126979653,1207,480328
1688126980643,1207,481535
1688126981634,1039,482574
1688126982653,1143,483717
1688126983641,1231,484948
1688126985652,1039,485987
1688126986643,1087,487074
1688126987662,1207,488281
1688126988654,1055,489336
1688126989642,1143,490479
1688126990632,1247,491726
1688126991652,1023,492749
1688126992643,1183,493932
1688126994651,1239,495171
1688126995643,1063,496234
1688126996633,1111,497345
1688126997683,1215,498560
1688126998644,1087,499647
1688126999632,1199,500846
1688127001642,1223,502069
1688127002634,1063,503132
1688127003654,1143,504275
1688127004643,1207,505482
1688127005632,1167,506649
1688127006682,1047,507696
1688127007642,1159,508855
1688127009654,1223,510078
1688127010641,1047,511125
1688127011631,1071,512196
1688127012654,1119,513315
1688127013642,1135,514450
1688127014662,1023,515473
1688127015654,1000,516473
1688127016671,1159,517632
1688127017632,1167,518799
1688127018653,1055,519854
1688127019645,959,520813
1688127020632,1039,521852
1688127022642,1087,522939
1688127023632,1023,523962
1688127023645,911,524873
1688127024654,1015,525888
1688127026632,1071,526959
1688127027653,1039,527998
1688127027667,911,528909
1688127029632,1023,529932
1688127030684,1095,531027
1688127031644,951,531978
1688127032632,967,532945
1688127033654,1055,534000
1688127034642,1055,535055
1688127035631,935,535990
1688127036653,975,536965
1688127037642,1015,537980
1688127038632,1023,539003
1688127038643,903,539906
1688127039624,943,540849
1688127040641,991,541840
1688127041632,991,542831
1688127042624,879,543710
1688127043642,967,544677
1688127044641,1055,545732
1688127045625,1015,546747
1688127046641,927,547674
1688127047634,1007,548681
1688127048652,983,549664
1688127049644,991,550655
1688127050632,1047,551702
1688127051621,1071,552773
1688127052641,975,553748
1688127053634,951,554699
1688127054622,1015,555714
1688127055645,1047,556761
1688127056632,1055,557816
1688127057651,935,558751
1688127058641,1007,559758
1688127059632,1071,560829
1688127061642,1079,561908
1688127061656,959,562867
1688127063622,1031,563898
1688127064641,1095,564993
1688127065632,1047,566040
1688127066624,943,566983
1688127067643,1031,568014
1688127068633,1087,569101
1688127069621,959,570060
1688127070642,1000,571060
1688127071632,1063,572123
1688127072623,1039,573162
1688127073644,919,574081
1688127074634,1031,575112
1688127075621,1071,576183
1688127076642,1007,577190
1688127077634,959,578149
1688127078622,1000,579149
1688127079643,983,580132
1688127080631,879,581011
1688127081622,935,581946
1688127081631,895,582841
1688127082642,847,583688
1688127083634,855,584543
1688127084624,823,585366
1688127085644,879,586245
1688127086631,975,587220
1688127087622,1039,588259
1688127088642,943,589202
1688127089664,1055,590257
1688127090652,1151,591408
1688127091642,1167,592575
1688127092631,991,593566
1688127093622,1063,594629
1688127094644,1143,595772
1688127095633,1087,596859
1688127096623,959,597818
1688127098631,1071,598889
1688127099622,1127,600016
1688127100642,1000,601016
1688127101633,1063,602079
1688127102623,1175,603254
1688127103701,1159,604413
1688127104632,1015,605428
1688127105621,1151,606579
1688127106642,1223,607802
1688127108623,1143,608945
1688127109642,975,609920
1688127110632,1087,611007
1688127113633,1000,612007
1688127114623,1063,613070
1688127115641,1191,614261
1688127116632,1151,615412
1688127117625,983,616395
1688127119635,1063,617458
1688127120621,1151,618609
1688127121642,1047,619656
1688127122662,1039,620695
1688127123652,1103,621798
1688127124642,1023,622821
1688127125633,911,623732
1688127126622,1007,624739
1688127127641,1079,625818
1688127128632,1023,626841
1688127129621,903,627744
1688127130643,991,628735
1688127131634,1095,629830
1688127132624,1071,630901
1688127133641,919,631820
1688127134632,1015,632835
1688127135624,1103,633938
1688127136644,1127,635065
1688127137632,1103,636168
1688127138624,1015,637183
1688127139643,1087,638270
1688127140631,1127,639397
1688127141623,1007,640404
1688127143634,1047,641451
1688127144625,1159,642610
1688127145641,1199,643809
1688127146632,1023,644832
1688127147623,1111,645943
1688127148672,1279,647222
1688127150622,1239,648461
1688127151641,1103,649564
1688127152633,1119,650683
1688127153622,1207,651890
1688127154644,1191,653081
1688127155663,1063,654144
1688127156652,1095,655239
1688127158632,1215,656454
1688127159625,1183,657637
1688127160672,1000,658637
1688127161632,1055,659692
1688127162622,1207,660899
1688127163642,1119,662018
1688127164632,1079,663097
1688127165623,1199,664296
1688127167634,1223,665519
1688127168622,1023,666542
1688127169642,1103,667645
1688127170632,1223,668868
1688127171622,1183,670051
1688127172643,1031,671082
1688127173633,1159,672241
1688127175642,1231,673472
1688127176632,1159,674631
1688127177625,1023,675654
1688127178644,1135,676789
1688127179634,1215,678004
1688127180621,1167,679171
1688127181644,1023,680194
1688127182632,1119,681313
1688127184644,1255,682568
1688127188662,1199,683767
1688127189654,1135,684902
1688127190614,1007,685909
1688127191632,1135,687044
1688127193613,1199,688243
1688127194634,1127,689370
1688127195624,967,690337
1688127196614,1079,691416
1688127197631,1207,692623
1688127198622,1127,693750
1688127199612,951,694701
1688127200633,1055,695756
1688127201625,1175,696931
1688127203632,1167,698098
1688127204621,1000,699098
1688127205612,1111,700209
1688127206633,1143,701352
1688127207624,1111,702463
1688127208612,959,703422
1688127209631,1031,704453
1688127210622,1103,705556
1688127211614,1079,706635
1688127212634,951,707586
1688127213623,1039,708625
1688127214612,1103,709728
1688127215631,1151,710879
1688127216622,1023,711902
1688127220613,1127,713029
1688127221663,1031,714060
1688127222745,951,715011
1688127223613,1087,716098
1688127224634,1175,717273
1688127225622,1063,718336
1688127226612,975,719311
1688127227631,1079,720390
1688127228622,1127,721517
1688127229614,1103,722620
1688127230632,951,723571
1688127231624,1039,724610
1688127232612,1143,725753
1688127233631,1135,726888
1688127234621,991,727879
1688127235644,1015,728894
1688127237622,1119,730013
1688127238614,1191,731204
1688127239631,983,732187
1688127240622,1111,733298
1688127241612,1191,734489
1688127242634,1087,735576
1688127243622,1007,736583
1688127244612,1143,737726
1688127245631,1199,738925
1688127247614,1063,739988
1688127248634,991,740979
1688127249622,1071,742050
1688127250611,1175,743225
1688127251633,1023,744248
1688127252622,967,745215
1688127253612,1103,746318
1688127254662,1231,747549
1688127255652,1063,748612
1688127256612,1031,749643
1688127257631,1175,750818
1688127259612,1199,752017
1688127260633,1031,753048
1688127261621,1039,754087
1688127262611,1119,755206
1688127263633,1135,756341
1688127264624,1047,757388
1688127265613,1135,758523
1688127266632,1079,759602
1688127269633,855,760457
1688127271612,975,761432
1688127272634,1087,762519
1688127273622,1007,763526
1688127278632,1039,764565
1688127280611,1071,765636
1688127281633,1063,766699
1688127282622,943,767642
1688127283613,991,768633
1688127284631,1023,769656
1688127285621,1055,770711
1688127286611,919,771630
1688127287662,967,772597
1688127288652,1079,773676
1688127289612,975,774651
1688127290631,991,775642
1688127291621,1023,776665
1688127292613,1007,777672
1688127293632,927,778599
1688127293646,911,779510
1688127294621,1007,780517
1688127295612,935,781452
1688127296630,1000,782452
1688127297621,1071,783523
1688127298612,983,784506
1688127299632,983,785489
1688127301613,1095,786584
1688127302631,1151,787735
1688127303622,1007,788742
1688127304612,1095,789837
1688127305633,1167,791004
1688127306622,1031,792035
1688127307611,1031,793066
1688127308631,1031,794097
1688127309622,903,795000
1688127310613,975,795975
1688127311632,967,796942
1688127312623,871,797813
1688127313611,935,798748
1688127314633,1063,799811
1688127315622,1143,800954
1688127316611,1103,802057
1688127317634,1159,803216
1688127318621,1175,804391
1688127319611,1039,805430
1688127324622,903,806333
1688127333621,1151,807484
1688127334614,1151,808635
1688127335633,1047,809682
1688127336622,983,810665
1688127337612,1079,811744
1688127339622,1135,812879
1688127340614,1079,813958
1688127341601,1143,815101
1688127342651,1167,816268
1688127343611,927,817195
1688127344631,1127,818322
1688127345622,991,819313
1688127346612,975,820288
1688127359604,727,821015
1688127361612,1247,822262
1688127362603,1079,823341
1688127363624,1175,824516
1688127364613,1127,825643
1688127365602,1127,826770
1688127366622,1095,827865
1688127371632,943,828808
1688127372621,1015,829823
1688127373612,927,830750
1688127374603,1015,831765
1688127375624,1063,832828
1688127376613,943,833771
1688127377601,1039,834810
1688127378622,1103,835913
1688127379612,1015,836928
1688127380603,1023,837951
1688127384622,1000,838951
1688127385612,959,839910
1688127386602,991,840901
1688127387622,1079,841980
1688127388614,1039,843019
1688127389601,991,844010
1688127390621,1055,845065
1688127391614,1079,846144
1688127392603,1015,847159
1688127401601,1119,848278
1688127402653,991,849269
1688127403674,1103,850372
1688127406612,983,851355
1688127407601,1055,852410
1688127408623,975,853385
1688127409613,959,854344
1688127412612,975,855319
1688127413601,1000,856319
1688127414622,959,857278
1688127415612,991,858269
1688127416603,959,859228
1688127417684,1000,860228
1688127418611,1055,861283
1688127419602,911,862194
1688127420623,967,863161
1688127423622,975,864136
1688127424617,903,865039
1688127425602,903,865942
1688127426622,967,866909
1688127429623,1039,867948
1688127430610,1031,868979
1688127431602,1055,870034
1688127432623,983,871017
1688127433612,983,872000
1688127434604,943,872943
1688127435622,1079,874022
1688127436642,1039,875061
1688127439612,1079,876140
1688127440602,1135,877275
1688127441622,903,878178
1688127442611,1055,879233
1688127443602,1000,880233
1688127444622,1095,881328
1688127447622,1039,882367
1688127448611,1127,883494
1688127450622,1143,884637
1688127451673,951,885588
1688127452602,959,886547
1688127453622,1031,887578
1688127453631,935,888513
1688127454612,983,889496
1688127456682,1127,890623
1688127457614,1087,891710
1688127458604,1079,892789
1688127459621,1023,893812
1688127460611,1087,894899
1688127461633,1223,896122
1688127462623,1191,897313
1688127463616,1135,898448
1688127464603,1023,899471
1688127465621,1039,900510
1688127466611,1015,901525
1688127468622,1007,902532
1688127469642,1079,903611
1688127470631,1079,904690
1688127471621,1095,905785
1688127472612,1007,906792
1688127473605,1087,907879
1688127474623,1135,909014
1688127475613,959,909973
1688127476602,951,910924
1688127477621,1015,911939
1688127478612,1127,913066
1688127479602,1167,914233
1688127484612,1007,915240
1688127485602,1119,916359
1688127486623,1151,917510
1688127487613,1087,918597
1688127488602,1039,919636
1688127489591,935,920571
1688127490612,975,921546
1688127491603,1071,922617
1688127492593,1183,923800
1688127494601,1223,925023
1688127495591,1111,926134
1688127501624,1007,927141
1688127502644,1071,928212
1688127504622,1143,929355
1688127505611,1143,930498
1688127506601,1103,931601
1688127507652,1055,932656
1688127508614,903,933559
1688127509602,959,934518
1688127510593,1015,935533
1688127511612,1000,936533
1688127515603,951,937484
1688127516593,1031,938515
1688127517611,919,939434
1688127518601,879,940313
1688127519592,1039,941352
1688127520611,1079,942431
1688127521605,1087,943518
1688127522592,1055,944573
1688127523701,1119,945692
1688127524602,1071,946763
1688127525591,1055,947818
1688127526612,1071,948889
1688127527602,1055,949944
1688127528593,943,950887
1688127529610,1047,951934
1688127530601,975,952909
1688127531592,1151,954060
1688127532612,1135,955195
1688127534594,1111,956306
1688127535641,1175,957481
1688127536633,1127,958608
1688127537593,1543,960151
1688127539604,1223,961374
1688127540592,951,962325
1688127540604,847,963172
1688127542601,1159,964331
1688127543593,1175,965506
1688127546593,1143,966649
1688127547612,783,967432
1688127548604,1103,968535
1688127549594,1455,969990
1688127553612,1111,971101
1688127555593,1175,972276
1688127557602,1095,973371
1688127558592,1255,974626
1688127559611,1255,975881
1688127560602,1183,977064
1688127561592,1143,978207
1688127567593,1359,979566
1688127568644,823,980389
1688127569631,1151,981540
1688127570590,1103,982643
1688127571613,1159,983802
1688127572632,1103,984905
1688127573592,975,985880
1688127574613,1023,986903
1688127575602,943,987846
1688127576590,1007,988853
1688127577613,1103,989956
1688127579594,1175,991131
1688127580612,1239,992370
1688127581632,1255,993625
1688127582621,1167,994792
1688127583611,1071,995863
1688127584604,1023,996886
1688127585594,967,997853
1688127588590,991,998844
1688127591593,847,999691
1688127591605,887,1000578
1688127592613,935,1001513
1688127594591,1135,1002648
1688127595613,1223,1003871
1688127596603,1159,1005030
1688127597592,1135,1006165
1688127598616,1000,1007165
1688127599630,1079,1008244
1688127600591,1135,1009379
1688127601642,1031,1010410
1688127602632,767,1011177
1688127605601,1095,1012272
1688127606591,1135,1013407
1688127607613,1079,1014486
1688127608603,943,1015429
1688127613614,775,1016204
1688127614602,919,1017123
1688127615592,791,1017914
1688127615605,903,1018817
1688127616612,975,1019792
1688127617601,983,1020775
1688127618591,1000,1021775
1688127619614,975,1022750
1688127620602,903,1023653
1688127621593,855,1024508
1688127622611,895,1025403
1688127623601,1007,1026410
1688127624592,1047,1027457
1688127625614,1071,1028528
1688127626604,1119,1029647
1688127627592,1191,1030838
1688127629601,1263,1032101
1688127630593,1175,1033276
1688127631615,1199,1034475
1688127632602,1207,1035682
1688127634641,1191,1036873
1688127635631,1159,1038032
1688127636593,1127,1039159
1688127637583,1111,1040270
1688127638602,1151,1041421
1688127639593,1167,1042588
1688127640580,1135,1043723
1688127641601,1015,1044738
1688127642593,903,1045641
1688127643584,975,1046616
1688127644604,1007,1047623
1688127645591,903,1048526
1688127646581,903,1049429
1688127647632,951,1050380
1688127648593,879,1051259
1688127649583,887,1052146
1688127650602,1023,1053169
1688127651622,1023,1054192
1688127652611,887,1055079
1688127653601,943,1056022
1688127654593,1000,1057022
1688127655582,911,1057933
1688127655596,903,1058836
1688127657592,1007,1059843
1688127658581,1071,1060914
1688127659602,1079,1061993
1688127660592,943,1062936
1688127661581,1015,1063951
1688127662602,1055,1065006
1688127663591,1039,1066045
1688127664581,951,1066996
1688127665604,1039,1068035
1688127666592,1087,1069122
1688127667582,1047,1070169
1688127668602,1047,1071216
1688127669590,1135,1072351
1688127670582,1103,1073454
1688127671603,967,1074421
1688127672593,1063,1075484
1688127673582,1127,1076611
1688127674633,1039,1077650
1688127675592,975,1078625
1688127676582,1079,1079704
1688127677601,1087,1080791
1688127678591,975,1081766
1688127679581,1023,1082789
1688127681593,1151,1083940
1688127682581,1039,1084979
1688127683632,975,1085954
1688127684592,1079,1087033
1688127685613,1175,1088208
1688127686602,1031,1089239
1688127687621,967,1090206
1688127688581,1063,1091269
1688127689603,1047,1092316
1688127690592,935,1093251
1688127691582,1039,1094290
1688127692602,1135,1095425
1688127693621,1103,1096528
1688127694581,991,1097519
1688127695601,1079,1098598
1688127696591,1119,1099717
1688127697583,1079,1100796
1688127698600,959,1101755
1688127700583,1063,1102818
1688127701602,1111,1103929
1688127702592,1000,1104929
1688127703611,959,1105888
1688127704604,1007,1106895
1688127705591,1023,1107918
1688127706582,935,1108853
1688127707603,975,1109828
1688127708624,1055,1110883
1688127709581,1079,1111962
1688127710601,1000,1112962
1688127711591,1071,1114033
1688127712584,1119,1115152
1688127713602,1087,1116239
1688127714592,927,1117166
1688127715581,1023,1118189
1688127716601,1103,1119292
1688127717594,1031,1120323
1688127718612,975,1121298
1688127719604,1063,1122361
1688127720593,1111,1123472
1688127721582,1000,1124472
1688127722601,1039,1125511
1688127723594,1111,1126622
1688127724582,1127,1127749
1688127725601,1000,1128749
1688127727581,1055,1129804
1688127728601,1103,1130907
1688127729593,1047,1131954
1688127730581,991,1132945
1688127731664,1103,1134048
1688127732592,1135,1135183
1688127733580,975,1136158
1688127734601,1087,1137245
1688127735594,1159,1138404
1688127736582,1047,1139451
1688127737603,943,1140394
1688127738592,1047,1141441
1688127739581,1111,1142552
1688127740601,1000,1143552
1688127741592,1031,1144583
1688127742583,1103,1145686
1688127743604,959,1146645
1688127744591,1015,1147660
1688127745581,1087,1148747
1688127747592,1039,1149786
1688127748581,1023,1150809
1688127749602,1127,1151936
1688127750592,1111,1153047
1688127751611,975,1154022
1688127752602,1047,1155069
1688127753592,1103,1156172
1688127754583,1023,1157195
1688127755692,991,1158186
1688127756591,1023,1159209
1688127757582,991,1160200
1688127758602,1143,1161343
1688127759592,1159,1162502
1688127760583,1055,1163557
1688127761602,1151,1164708
1688127763581,1183,1165891
1688127764603,1031,1166922
1688127765591,1047,1167969
1688127766644,1087,1169056
1688127767602,1047,1170103
1688127768591,927,1171030
1688127769582,1000,1172030
1688127770604,1143,1173173
1688127771594,1000,1174173
1688127772582,1031,1175204
1688127773601,1159,1176363
1688127774592,1135,1177498
1688127775581,951,1178449
1688127776603,1031,1179480
1688127777592,1055,1180535
1688127778582,919,1181454
1688127779602,935,1182389
1688127780591,1031,1183420
1688127781581,1111,1184531
1688127782602,991,1185522
1688127783592,1079,1186601
1688127785602,1143,1187744
1688127786623,1079,1188823
1688127787582,1071,1189894
1688127788572,1127,1191021
1688127789594,1079,1192100
1688127790581,959,1193059
1688127791572,1031,1194090
1688127792591,1143,1195233
1688127793581,1023,1196256
1688127794574,1071,1197327
1688127795594,1175,1198502
1688127796582,1039,1199541
1688127797573,991,1200532
1688127798591,1087,1201619
1688127799581,1023,1202642
1688127800602,959,1203601
1688127802583,1151,1204752
1688127805582,783,1205535
1688127816622,1007,1206542
1688127819594,615,1207157
1688127821571,727,1207884
1688127824571,775,1208659
1688127829582,1151,1209810
1688127830573,1135,1210945
1688127831593,1119,1212064
1688127832581,1119,1213183
1688127833571,1111,1214294
1688127834592,1087,1215381
1688127835581,1135,1216516
1688127839571,1143,1217659
1688127840591,1295,1218954
1688127841582,783,1219737
1688127846593,1175,1220912
1688127852593,1271,1222183
1688127855591,1079,1223262
1688127862581,1183,1224445
1688127872573,951,1225396
1688127877582,967,1226363
1688127878571,975,1227338
1688127879591,1007,1228345
1688127880581,935,1229280
1688127881573,927,1230207
1688127882621,983,1231190
1688127883613,1007,1232197
1688127884603,1000,1233197
1688127885591,1023,1234220
1688127886612,1063,1235283
1688127887573,991,1236274
1688127888593,991,1237265
1688127889582,959,1238224
1688127890571,935,1239159
1688127891591,887,1240046
1688127892582,983,1241029
1688127893572,1015,1242044
1688127894594,927,1242971
1688127895581,951,1243922
1688127896573,975,1244897
1688127897590,959,1245856
1688127897603,919,1246775
1688127898581,975,1247750
1688127899573,1000,1248750
1688127900592,943,1249693
1688127901581,967,1250660
1688127902571,991,1251651
1688127903591,983,1252634
1688127904583,951,1253585
1688127905573,983,1254568
1688127906591,1000,1255568
1688127907581,911,1256479
1688127908601,967,1257446
1688127909591,1007,1258453
1688127910584,943,1259396
1688127911573,991,1260387
1688127912593,1015,1261402
1688127913581,975,1262377
1688127914571,919,1263296
1688127915621,967,1264263
1688127916613,927,1265190
1688127917573,911,1266101
1688127918593,959,1267060
1688127919581,1039,1268099
1688127920571,983,1269082
1688127921593,983,1270065
1688127922614,1007,1271072
1688127923571,983,1272055
1688127924592,943,1272998
1688127925581,967,1273965
1688127926572,1000,1274965
1688127927592,927,1275892
1688127928583,943,1276835
1688127929572,983,1277818
1688127929586,927,1278745
1688127930562,895,1279640
1688127931581,943,1280583
1688127932571,967,1281550
1688127933561,919,1282469
1688127934581,887,1283356
1688127935573,943,1284299
1688127936591,983,1285282
1688127937581,967,1286249
1688127938571,935,1287184
1688127939564,975,1288159
1688127940581,975,1289134
1688127941573,919,1290053
1688127942563,911,1290964
1688127943581,903,1291867
1688127943593,863,1292730
1688127944572,879,1293609
1688127945561,911,1294520
1688127946582,903,1295423
1688127947573,839,1296262
1688127948561,871,1297133
1688127949611,887,1298020
1688127950571,887,1298907
1688127950586,823,1299730
1688127951563,839,1300569
1688127952582,871,1301440
1688127953574,863,1302303
1688127954561,855,1303158
1688127955581,855,1304013
1688127956571,887,1304900
1688127957564,895,1305795
1688127957577,855,1306650
1688127958582,855,1307505
1688127959572,887,1308392
1688127960561,895,1309287
1688127961581,839,1310126
1688127962572,863,1310989
1688127963562,919,1311908
1688127964584,911,1312819
1688127964597,871,1313690
1688127965573,895,1314585
1688127966561,927,1315512
1688127967581,895,1316407
1688127968571,855,1317262
1688127969564,879,1318141
1688127970581,871,1319012
1688127971574,815,1319827
1688127971587,839,1320666
1688127972561,871,1321537
1688127973582,847,1322384
1688127974572,783,1323167
1688127975563,823,1323990
1688127976581,863,1324853
1688127976595,855,1325708
1688127977573,807,1326515
1688127978561,831,1327346
1688127979581,871,1328217
1688127980573,855,1329072
1688127981561,839,1329911
1688127982611,855,1330766
1688127982627,895,1331661
1688127983571,847,1332508
1688127984561,823,1333331
1688127985581,823,1334154
1688127986571,839,1334993
1688127987563,815,1335808
1688127987576,783,1336591
1688127988581,831,1337422
1688127989570,903,1338325
1688127990560,887,1339212
1688127991582,871,1340083
1688127992572,911,1340994
1688127993561,967,1341961
1688127994581,919,1342880
1688127995572,855,1343735
1688127995583,895,1344630
1688127996561,927,1345557
1688127997582,895,1346452
1688127998573,871,1347323
1688128001571,887,1348210
1688128002561,863,1349073
1688128003581,951,1350024
1688128004571,975,1350999
1688128005592,903,1351902
1688128005606,943,1352845
1688128006581,983,1353828
1688128007571,911,1354739
1688128008561,871,1355610
1688128009583,919,1356529
1688128010571,943,1357472
1688128011562,879,1358351
1688128012581,903,1359254
1688128013631,959,1360213
1688128014561,1000,1361213
1688128015614,919,1362132
1688128016572,911,1363043
1688128017563,943,1363986
1688128018581,927,1364913
1688128018590,831,1365744
1688128019570,839,1366583
1688128020561,871,1367454
1688128021581,895,1368349
1688128022574,855,1369204
1688128023562,823,1370027
1688128024611,879,1370906
1688128024624,903,1371809
1688128025571,879,1372688
1688128026561,847,1373535
1688128027583,919,1374454
1688128028572,967,1375421
1688128029564,935,1376356
1688128030582,839,1377195
1688128031571,831,1378026
1688128032591,839,1378865
1688128032604,815,1379680
1688128033582,783,1380463
1688128034573,823,1381286
1688128035561,911,1382197
1688128036581,951,1383148
1688128037571,895,1384043
1688128038561,895,1384938
1688128039582,919,1385857
1688128039596,855,1386712
1688128040572,783,1387495
1688128041562,791,1388286
1688128042581,855,1389141
1688128043574,855,1389996
1688128043586,807,1390803
1688128044561,807,1391610
1688128045582,871,1392481
1688128046573,911,1393392
1688128047562,839,1394231
1688128048581,871,1395102
1688128049571,919,1396021
1688128050562,911,1396932
1688128051581,895,1397827
1688128051594,951,1398778
1688128052572,967,1399745
1688128053561,943,1400688
1688128054581,951,1401639
1688128055572,1007,1402646
1688128056564,1015,1403661
1688128057581,935,1404596
1688128070574,1119,1405715
1688128081613,943,1406658
1688128082574,975,1407633
1688128083561,1063,1408696
1688128084581,991,1409687
1688128086561,1023,1410710
1688128087553,1127,1411837
1688128088572,991,1412828
1688128089561,1199,1414027
1688128090554,1239,1415266
1688128091573,1207,1416473
1688128092563,975,1417448
1688128093551,983,1418431
1688128103573,1239,1419670
1688128105554,1311,1420981
1688128108554,1287,1422268
1688128110562,1263,1423531
1688128111551,1335,1424866
1688128112571,1191,1426057
1688128113562,1247,1427304
1688128114551,1175,1428479
1688128126582,1207,1429686
1688128127571,1231,1430917
1688128128561,1143,1432060
1688128129581,1111,1433171
1688128131592,1199,1434370
1688128132583,1255,1435625
1688128133572,1151,1436776
1688128134562,1287,1438063
1688128135580,1103,1439166
1688128136571,1183,1440349
1688128138581,1463,1441812
1688128139573,1095,1442907
1688128140563,1263,1444170
1688128141582,847,1445017
1688128149561,1015,1446032
1688128151570,1127,1447159
1688128157573,1215,1448374
1688128159580,1223,1449597
1688128160570,1527,1451124
1688128161561,823,1451947
1688128162551,903,1452850
1688128164591,1639,1454489
1688128164605,871,1455360
1688128166603,1519,1456879
1688128167561,1391,1458270
1688128169572,1335,1459605
1688128170562,1327,1460932
1688128171551,1207,1462139
1688128172574,959,1463098
1688128173563,879,1463977
1688128174552,863,1464840
1688128175571,903,1465743
1688128176561,1351,1467094
1688128178571,1327,1468421
1688128179561,1255,1469676
1688128180553,1231,1470907
1688128181570,1239,1472146
1688128182561,1055,1473201
1688128183551,879,1474080
1688128184573,847,1474927
1688128185562,959,1475886
1688128186551,1407,1477293
1688128188561,1327,1478620
1688128189551,1279,1479899
1688128190571,1223,1481122
1688128191561,1143,1482265
1688128192552,903,1483168
1688128193571,831,1483999
1688128194560,831,1484830
1688128195552,879,1485709
1688128196601,1455,1487164
1688128198582,1367,1488531
1688128199572,1327,1489858
1688128200562,1303,1491161
1688128202574,1207,1492368
1688128202586,951,1493319
1688128203562,847,1494166
1688128204552,847,1495013
1688128205574,935,1495948
1688128206561,1351,1497299
1688128208601,1311,1498610
1688128209564,1271,1499881
1688128210552,1231,1501112
1688128211570,1143,1502255
1688128212561,903,1503158
1688128213551,815,1503973
1688128214571,855,1504828
1688128215564,927,1505755
1688128216552,1439,1507194
1688128218564,1367,1508561
1688128219553,1311,1509872
1688128220572,1311,1511183
1688128222581,1215,1512398
1688128223571,959,1513357
1688128223583,863,1514220
1688128224561,863,1515083
1688128225553,927,1516010
1688128227561,1367,1517377
1688128228552,1343,1518720
1688128229540,1311,1520031
1688128230591,1295,1521326
1688128232544,1135,1522461
1688128233592,895,1523356
1688128233605,855,1524211
1688128234551,863,1525074
1688128235541,1015,1526089
1688128237552,1431,1527520
1688128238544,1367,1528887
1688128239564,1327,1530214
1688128241541,1287,1531501
1688128242564,1119,1532620
1688128243552,903,1533523
1688128244544,847,1534370
1688128244558,871,1535241
1688128245562,951,1536192
1688128247540,1447,1537639
1688128248562,1383,1539022
1688128250543,1335,1540357
1688128251563,1303,1541660
1688128252551,1103,1542763
1688128253540,887,1543650
1688128255554,1671,1545321
1688128256543,1407,1546728
1688128257560,1351,1548079
1688128259540,1335,1549414
1688128260561,1295,1550709
1688128261553,1231,1551940
1688128262541,959,1552899
1688128263591,871,1553770
1688128264550,879,1554649
1688128265571,903,1555552
1688128266563,1415,1556967
1688128268543,1351,1558318
1688128269561,1287,1559605
1688128270550,1279,1560884
1688128271541,1207,1562091
1688128272563,935,1563026
1688128273552,823,1563849
1688128276551,1383,1565232
1688128277541,1351,1566583
1688128279552,1295,1567878
1688128280571,1279,1569157
1688128281561,1095,1570252
1688128282551,879,1571131
1688128284561,1655,1572786
1688128285551,871,1573657
1688128286544,1343,1575000
1688128287560,1279,1576279
1688128288553,1279,1577558
1688128290563,1231,1578789
1688128291553,1143,1579932
1688128292541,927,1580859
1688128293561,823,1581682
1688128293573,823,1582505
1688128294551,855,1583360
1688128295544,1031,1584391
1688128297551,1319,1585710
1688128298541,1287,1586997
1688128299562,1255,1588252
1688128300553,1231,1589483
1688128302561,1111,1590594
1688128302576,911,1591505
1688128303551,839,1592344
1688128304541,871,1593215
1688128305560,991,1594206
1688128307543,1431,1595637
1688128308591,1351,1596988
1688128309551,1295,1598283
1688128310540,1255,1599538
1688128312551,1143,1600681
1688128313541,927,1601608
1688128313555,831,1602439
1688128314563,831,1603270
1688128315551,919,1604189
1688128316541,1375,1605564
1688128318551,1327,1606891
1688128319543,1279,1608170
1688128320561,1263,1609433
1688128321550,1127,1610560
1688128322541,895,1611455
1688128323561,831,1612286
1688128324551,839,1613125
1688128325541,935,1614060
1688128326563,1423,1615483
1688128328541,1335,1616818
1688128329590,1295,1618113
1688128330552,1263,1619376
1688128331542,1183,1620559
1688128332561,919,1621478
1688128333551,823,1622301
1688128334540,823,1623124
1688128335562,895,1624019
1688128336551,1391,1625410
1688128338561,1351,1626761
1688128339551,1311,1628072
1688128340541,1303,1629375
1688128341561,1095,1630470
1688128342551,879,1631349
1688128343541,831,1632180
1688128344562,871,1633051
1688128345551,1087,1634138
1688128346541,1383,1635521
1688128348551,1327,1636848
1688128349543,1311,1638159
1688128350563,1271,1639430
1688128355544,975,1640405
1688128371562,719,1641124
1688128374561,959,1642083
1688128378554,1415,1643498
1688128382541,879,1644377
1688128386530,1239,1645616
1688128387550,1191,1646807
1688128396553,1287,1648094
1688128397542,983,1649077
1688128401561,1447,1650524
1688128402553,1063,1651587
1688128403540,1079,1652666
1688128404561,983,1653649
1688128405551,1151,1654800
1688128406543,1063,1655863
1688128407561,1087,1656950
1688128408551,1095,1658045
1688128409541,1175,1659220
1688128410561,1119,1660339
1688128411552,1095,1661434
1688128413563,1055,1662489
1688128414551,1071,1663560
1688128415540,1071,1664631
1688128418544,1263,1665894
1688128419532,1079,1666973
1688128421541,1447,1668420
1688128421554,783,1669203
1688128422530,783,1669986
1688128424541,1567,1671553
1688128425533,1279,1672832
1688128426551,1343,1674175
1688128428530,1679,1675854
1688128437531,1231,1677085
1688128442541,1015,1678100
1688128448542,1031,1679131
1688128449532,1119,1680250
1688128450552,983,1681233
1688128451541,1263,1682496
1688128455532,1015,1683511
1688128457541,1663,1685174
1688128458562,1015,1686189
1688128463542,879,1687068
1688128466542,1047,1688115
1688128467532,1119,1689234
1688128468550,1087,1690321
1688128469541,1095,1691416
1688128471553,1103,1692519
1688128472544,1103,1693622
1688128473530,1071,1694693
1688128474552,1087,1695780
1688128475542,1079,1696859
1688128476531,1143,1698002
1688128477552,1119,1699121
1688128478571,1151,1700272
1688128480550,1207,1701479
1688128481600,1447,1702926
1688128482532,1463,1704389
1688128483552,959,1705348
1688128484542,879,1706227
1688128485530,879,1707106
1688128486550,1127,1708233
1688128489553,1247,1709480
1688128490540,1047,1710527
1688128491530,1047,1711574
1688128492550,1151,1712725
1688128495581,967,1713692
1688128496541,991,1714683
1688128499541,735,1715418
1688128503530,1119,1716537
1688128505543,1111,1717648
1688128506530,967,1718615
1688128507551,1039,1719654
1688128508540,1127,1720781
1688128509530,1175,1721956
1688128510552,1031,1722987
1688128514541,831,1723818
1688128522520,855,1724673
1688128523543,919,1725592
1688128524532,1000,1726592
1688128525553,967,1727559
1688128526540,879,1728438
1688128527530,1000,1729438
1688128528552,1135,1730573
1688128529541,1103,1731676
1688128530532,1039,1732715
1688128531551,1183,1733898
1688128532540,1239,1735137
1688128534551,1151,1736288
1688128535543,983,1737271
1688128536532,1023,1738294
1688128537520,1055,1739349
1688128540522,1159,1740508
1688128541541,1087,1741595
1688128542534,975,1742570
1688128543581,1159,1743729
1688128544571,1191,1744920
1688128545560,1031,1745951
1688128546521,1063,1747014
1688128547541,1159,1748173
1688128549520,1071,1749244
1688128549532,959,1750203
1688128551531,1087,1751290
1688128552521,1119,1752409
1688128553543,975,1753384
1688128554532,1103,1754487
1688128555521,1287,1755774
1688128556540,1191,1756965
1688128557531,1199,1758164
1688128559543,1287,1759451
1688128560532,1079,1760530
1688128561521,1159,1761689
1688128562540,1239,1762928
1688128563530,1111,1764039
1688128565542,1231,1765270
1688128566532,1271,1766541
1688128567521,1287,1767828
1688128568540,1007,1768835
1688128569533,1183,1770018
1688128570522,1047,1771065
1688128572532,1231,1772296
1688128573520,1031,1773327
1688128579522,911,1774238
1688128580542,1007,1775245
1688128581532,887,1776132
1688128582523,975,1777107
1688128583543,1119,1778226
1688128584530,1103,1779329
1688128585521,919,1780248
1688128586541,943,1781191
1688128587533,1015,1782206
1688128588521,1063,1783269
1688128589542,943,1784212
1688128590530,1111,1785323
1688128591520,1191,1786514
1688128592541,1127,1787641
1688128593533,1135,1788776
1688128595543,1207,1789983
1688128596530,1159,1791142
1688128597520,1135,1792277
1688128598542,1167,1793444
1688128599531,1119,1794563
1688128600523,1103,1795666
1688128602530,1239,1796905
1688128603521,1159,1798064
1688128604540,1159,1799223
1688128605562,1247,1800470
1688128606522,1191,1801661
1688128607541,1151,1802812
1688128609580,1215,1804027
1688128610570,1143,1805170
1688128611562,1135,1806305
1688128612521,1223,1807528
1688128613570,1071,1808599
1688128614530,1143,1809742
1688128616543,1159,1810901
1688128617532,1087,1811988
1688128618523,1207,1813195
1688128619541,1167,1814362
1688128620530,1215,1815577
1688128621522,1039,1816616
1688128622542,1175,1817791
1688128624521,1119,1818910
1688128625540,1079,1819989
1688128626530,1167,1821156
1688128627520,1015,1822171
1688128628540,1255,1823426
1688128631541,1127,1824553
1688128633520,1279,1825832
1688128634540,1215,1827047
1688128635530,1271,1828318
1688128636521,1167,1829485
1688128637540,1095,1830580
1688128639522,1207,1831787
1688128640541,1087,1832874
1688128641533,1079,1833953
1688128642520,1127,1835080
1688128643570,959,1836039
1688128644532,1071,1837110
1688128645523,1167,1838277
1688128646542,991,1839268
1688128647532,1063,1840331
1688128648521,1119,1841450
1688128649540,951,1842401
1688128650534,991,1843392
1688128651521,943,1844335
1688128652542,903,1845238
1688128653532,911,1846149
1688128654521,863,1847012
1688128655540,1031,1848043
1688128656531,1151,1849194
1688128657553,1015,1850209
1688128658542,1000,1851209
1688128659532,1127,1852336
1688128660522,1119,1853455
1688128661541,959,1854414
1688128662531,1047,1855461
1688128663521,1127,1856588
1688128665531,1039,1857627
1688128666520,1135,1858762
1688128667540,1263,1860025
1688128668532,1119,1861144
1688128669523,1111,1862255
1688128670542,1255,1863510
1688128672520,1191,1864701
1688128673540,1095,1865796
1688128674533,1239,1867035
1688128675521,1167,1868202
1688128676573,1127,1869329
1688128678520,1279,1870608
1688128679540,1111,1871719
1688128680533,1191,1872910
1688128681521,1279,1874189
1688128682541,1167,1875356
1688128683530,1175,1876531
1688128685541,1215,1877746
1688128686535,1111,1878857
1688128687521,1119,1879976
1688128688513,1231,1881207
1688128689531,1135,1882342
1688128690520,1175,1883517
1688128692532,1207,1884724
1688128693522,1095,1885819
1688128694543,1215,1887034
1688128695532,1183,1888217
1688128696520,1111,1889328
1688128698532,1247,1890575
1688128699522,1159,1891734
1688128700513,1095,1892829
1688128701530,1223,1894052
1688128702520,1079,1895131
1688128703513,1031,1896162
1688128704534,1111,1897273
1688128705523,1191,1898464
1688128706512,975,1899439
1688128707530,1087,1900526
1688128709512,1159,1901685
1688128710533,951,1902636
1688128711552,1055,1903691
1688128712511,1159,1904850
1688128713532,1023,1905873
1688128714521,1143,1907016
1688128715513,1159,1908175
1688128716531,1047,1909222
1688128717521,1183,1910405
1688128719530,1151,1911556
1688128720520,1000,1912556
1688128721511,1127,1913683
1688128722532,1135,1914818
1688128723523,951,1915769
1688128724512,1063,1916832
1688128725530,1111,1917943
1688128726522,1015,1918958
1688128727541,1167,1920125
1688128728531,1151,1921276
1688128729522,1039,1922315
1688128730510,1127,1923442
1688128731530,1095,1924537
1688128732521,975,1925512
1688128734532,1135,1926647
1688128735523,1135,1927782
1688128736540,1007,1928789
1688128737531,1143,1929932
1688128738522,1127,1931059
1688128739543,991,1932050
1688128740535,1151,1933201
1688128741522,1143,1934344
1688128742512,1111,1935455
1688128744522,1231,1936686
1688128745511,1047,1937733
1688128746533,1111,1938844
1688128747521,1239,1940083
1688128748510,1039,1941122
1688128749532,1231,1942353
1688128751513,1223,1943576
1688128752533,1047,1944623
1688128753521,1175,1945798
1688128754510,1199,1946997
1688128755531,1079,1948076
1688128756520,1223,1949299
1688128758532,1223,1950522
1688128759550,1087,1951609
1688128760540,1191,1952800
1688128761531,1183,1953983
1688128762521,1079,1955062
1688128763510,1191,1956253
1688128764533,1087,1957340
1688128765521,1007,1958347
1688128767532,1167,1959514
1688128768523,1087,1960601
1688128769513,959,1961560
1688128770533,1055,1962615
1688128771521,1103,1963718
1688128772510,935,1964653
1688128773532,1015,1965668
1688128774521,1151,1966819
1688128775512,959,1967778
1688128776531,1000,1968778
1688128777520,1151,1969929
1688128778511,1055,1970984
1688128779530,1071,1972055
1688128780522,1199,1973254
1688128781511,1167,1974421
1688128783520,1079,1975500
1688128784511,1143,1976643
1688128785531,1087,1977730
1688128786523,1087,1978817
1688128787511,1167,1979984
1688128788530,1095,1981079
1688128789520,1031,1982110
1688128790511,1119,1983229
1688128791530,1127,1984356
1688128792550,1095,1985451
1688128794530,1191,1986642
1688128795520,1151,1987793
1688128796513,1031,1988824
1688128797532,1191,1990015
1688128798523,1135,1991150
1688128799510,1031,1992181
1688128800530,1151,1993332
1688128801520,1135,1994467
1688128805513,1127,1995594
1688128806530,1071,1996665
1688128807522,1199,1997864
1688128808511,1015,1998879
1688128809532,1063,1999942
1688128810521,1271,2001213
1688128812530,1055,2002268
1688128813520,1167,2003435
1688128814512,1231,2004666
1688128815531,1071,2005737
1688128816522,1135,2006872
1688128817512,1167,2008039
1688128818530,1015,2009054
1688128819521,1119,2010173
1688128821532,1159,2011332
1688128822521,1023,2012355
1688128823511,1143,2013498
1688128824530,1143,2014641
1688128825552,975,2015616
1688128826541,1143,2016759
1688128827533,1231,2017990
1688128828521,1055,2019045
1688128829510,983,2020028
1688128830530,1063,2021091
1688128831521,967,2022058
1688128832514,879,2022937
1688128833531,959,2023896
1688128834521,975,2024871
1688128835510,839,2025710
1688128836500,791,2026501
1688128837550,839,2027340
1688128838513,1079,2028419
1688128839503,1191,2029610
1688128840521,1183,2030793
1688128841511,1023,2031816
1688128842500,1063,2032879
1688128843523,1055,2033934
1688128844511,1055,2034989
1688128845501,1007,2035996
1688128846521,1007,2037003
1688128847510,951,2037954
1688128848501,943,2038897
1688128849521,991,2039888
1688128850512,1071,2040959
1688128851501,1015,2041974
1688128852520,1031,2043005
1688128853510,1119,2044124
1688128854501,1063,2045187
1688128856511,1039,2046226
1688128857502,1111,2047337
1688128858579,1103,2048440
1688128859540,1023,2049463
1688128860500,1151,2050614
1688128861524,1151,2051765
1688128862512,991,2052756
1688128863503,1087,2053843
1688128866501,1079,2054922
1688128867524,1007,2055929
1688128868512,1031,2056960
1688128870520,1199,2058159
1688128871511,1071,2059230
1688128872503,1119,2060349
1688128873521,1175,2061524
1688128874513,1063,2062587
1688128875501,1103,2063690
1688128876520,1079,2064769
1688128877510,1007,2065776
1688128881501,1063,2066839
1688128882520,1199,2068038
1688128883512,1071,2069109
1688128884502,1119,2070228
1688128885521,1167,2071395
1688128886512,1015,2072410
1688128887501,1143,2073553
1688128888521,1119,2074672
1688128889511,1047,2075719
1688128898512,911,2076630
1688128899501,911,2077541
1688128900551,895,2078436
1688128904513,847,2079283
1688128905500,815,2080098
1688128906521,903,2081001
1688128907511,991,2081992
1688128908502,959,2082951
1688128909521,935,2083886
1688128910513,1007,2084893
1688128911500,991,2085884
1688128911512,903,2086787
1688128912520,983,2087770
1688128913511,1071,2088841
1688128914502,1023,2089864
1688128915522,911,2090775
1688128916510,1055,2091830
1688128918522,1143,2092973
1688128919513,983,2093956
1688128920503,1119,2095075
1688128921521,1191,2096266
1688128922511,1023,2097289
1688128923500,1135,2098424
1688128924553,1151,2099575
1688128925543,1079,2100654
1688128926501,1159,2101813
1688128928510,1103,2102916
1688128929501,1095,2104011
1688128930520,1207,2105218
1688128931510,1023,2106241
1688128932501,1127,2107368
1688128933523,1199,2108567
1688128934510,1055,2109622
1688128935500,1207,2110829
1688128937512,1119,2111948
1688128938502,1167,2113115
1688128939521,1279,2114394
1688128940510,1111,2115505
1688128941500,1103,2116608
1688128942522,1215,2117823
1688128944503,1127,2118950
1688128945521,1079,2120029
1688128946510,1215,2121244
1688128947500,1119,2122363
1688128948521,1167,2123530
1688128949510,1119,2124649
1688128950500,1000,2125649
1688128951522,1167,2126816
1688128953501,1135,2127951
1688128954522,1055,2129006
1688128955509,1247,2130253
1688128958540,1143,2131396
1688128959500,1095,2132491
1688128960524,927,2133418
1688128961511,959,2134377
1688128962503,1031,2135408
1688128963520,1055,2136463
1688128964510,839,2137302
1688128965502,799,2138101
1688128966522,823,2138924
1688128967513,967,2139891
1688128969521,1271,2141162
1688128971500,1215,2142377
1688128972520,1007,2143384
1688128973512,967,2144351
1688128974501,1095,2145446
1688128975520,1255,2146701
1688128976510,1231,2147932
1688128977501,1183,2149115
1688128979511,1079,2150194
1688128980503,1063,2151257
1688128981520,1119,2152376
1688128982510,1167,2153543
1688128983501,1135,2154678
1688128984521,1111,2155789
1688128985510,1015,2156804
1688128986500,1111,2157915
1688128987490,1263,2159178
1688128989502,1231,2160409
1688128990492,1119,2161528
1688128991513,1111,2162639
1688128992501,1231,2163870
1688128993490,1271,2165141
1688128995501,1103,2166244
1688128996493,1039,2167283
1688128997513,1159,2168442
1688128998501,1159,2169601
1688128999490,1079,2170680
1688129000542,1207,2171887
1688129001505,1175,2173062
1688129002491,1023,2174085
1688129004500,1127,2175212
1688129005490,1095,2176307
1688129006511,959,2177266
1688129007503,1095,2178361
1688129008523,1127,2179488
1688129009543,1000,2180488
1688129010500,1103,2181591
1688129011490,1127,2182718
1688129012510,1031,2183749
1688129013502,1103,2184852
1688129014491,1031,2185883
1688129015511,1055,2186938
1688129016500,1191,2188129
1688129017490,1015,2189144
1688129019501,1119,2190263
1688129020490,1199,2191462
1688129021511,1039,2192501
1688129022500,1183,2193684
1688129023492,1199,2194883
1688129024510,1000,2195883
1688129025502,1000,2196883
1688129026490,1031,2197914
1688129027510,951,2198865
1688129028500,815,2199680
1688129029492,791,2200471
1688129030512,823,2201294
1688129031501,919,2202213
1688129033510,1263,2203476
1688129034500,1119,2204595
1688129035490,1111,2205706
1688129037501,1175,2206881
1688129038491,1143,2208024
1688129039509,1143,2209167
1688129040500,1135,2210302
1688129041521,1111,2211413
1688129042510,1055,2212468
1688129043503,1079,2213547
1688129044490,1095,2214642
1688129045510,1055,2215697
1688129046500,1111,2216808
1688129048540,1151,2217959
1688129049502,1103,2219062
1688129050492,1111,2220173
1688129051510,1127,2221300
1688129052500,1119,2222419
1688129053490,1231,2223650
1688129054512,1143,2224793
1688129056493,1159,2225952
1688129057510,1215,2227167
1688129058530,1111,2228278
1688129059492,1079,2229357
1688129060512,1247,2230604
1688129061502,1095,2231699
1688129063510,1151,2232850
1688129064501,1175,2234025
1688129065490,1015,2235040
1688129066514,1175,2236215
1688129067501,1159,2237374
1688129068490,1015,2238389
1688129069510,1143,2239532
1688129070502,1103,2240635
1688129071491,1127,2241762
1688129073501,1167,2242929
1688129074520,1007,2243936
1688129075510,1103,2245039
1688129076502,1287,2246326
1688129077492,1119,2247445
1688129078512,1119,2248564
1688129079503,1215,2249779
1688129081570,1071,2250850
1688129082501,1111,2251961
1688129083491,1199,2253160
1688129084512,1055,2254215
1688129085502,1103,2255318
1688129086490,1231,2256549
1688129087510,1007,2257556
1688129088502,1103,2258659
1688129089492,855,2259514
1688129092490,1103,2260617
1688129100501,711,2261328
1688129100515,767,2262095
1688129117511,951,2263046
1688129129510,1047,2264093
1688129130501,1295,2265388
1688129131491,1295,2266683
1688129134490,1063,2267746
1688129135482,927,2268673
1688129136502,919,2269592
1688129137492,871,2270463
1688129139530,975,2271438
1688129140552,735,2272173
1688129146492,967,2273140
1688129146506,695,2273835
1688129151500,863,2274698
1688129152490,687,2275385
1688129152502,695,2276080
1688129153482,583,2276663
1688129155491,631,2277294
1688129159482,823,2278117
1688129160502,671,2278788
1688129160513,791,2279579
1688129161490,927,2280506
1688129162480,871,2281377
1688129163500,799,2282176
1688129164492,655,2282831
1688129165480,831,2283662
1688129165492,567,2284229
1688129166500,551,2284780
1688129168480,791,2285571
1688129169501,855,2286426
1688129170492,855,2287281
1688129170504,695,2287976
1688129171510,943,2288919
1688129174510,799,2289718
1688129174523,631,2290349
1688129175530,599,2290948
1688129177480,735,2291683
1688129178500,887,2292570
1688129179490,727,2293297
1688129179498,591,2293888
1688129180479,1015,2294903
1688129181501,927,2295830
1688129182491,911,2296741
1688129183482,807,2297548
1688129184502,887,2298435
1688129184516,631,2299066
1688129186480,655,2299721
1688129187501,1031,2300752
1688129188492,567,2301319
1688129189480,623,2301942
1688129190500,1000,2302942
1688129190511,935,2303877
1688129191490,671,2304548
1688129192481,703,2305251
1688129193500,1071,2306322
1688129194490,767,2307089
1688129194502,759,2307848
1688129195480,631,2308479
1688129196500,927,2309406
1688129198480,623,2310029
1688129199500,591,2310620
1688129199513,551,2311171
1688129200490,783,2311954
1688129201482,751,2312705
1688129202500,903,2313608
1688129202514,543,2314151
1688129204480,1087,2315238
1688129204492,623,2315861
1688129205530,591,2316452
1688129207481,583,2317035
1688129208500,895,2317930
1688129209490,1023,2318953
1688129209500,791,2319744
1688129212493,631,2320375
1688129212504,639,2321014
1688129216483,927,2321941
1688129216495,695,2322636
1688129217530,911,2323547
1688129219481,879,2324426
1688129220500,895,2325321
1688129221489,655,2325976
1688129223500,631,2326607
1688129223511,623,2327230
1688129226500,1039,2328269
1688129226509,735,2329004
1688129227491,703,2329707
1688129228480,1207,2330914
1688129229531,1167,2332081
1688129233490,1079,2333160
1688129234480,647,2333807
1688129235501,911,2334718
1688129236491,991,2335709
1688129237480,1135,2336844
1688129238530,727,2337571
1688129238537,639,2338210
1688129239520,599,2338809
1688129240482,631,2339440
1688129240494,639,2340079
1688129241503,663,2340742
1688129242491,871,2341613
1688129242502,575,2342188
1688129243480,903,2343091
1688129244500,687,2343778
1688129245491,847,2344625
1688129246480,895,2345520
1688129246493,687,2346207
1688129247502,863,2347070
1688129248491,895,2347965
1688129249480,759,2348724
1688129250500,647,2349371
1688129250510,623,2349994
1688129251490,727,2350721
1688129253501,615,2351336
1688129253512,687,2352023
1688129255480,735,2352758
1688129256500,679,2353437
1688129256511,551,2353988
1688129257491,639,2354627
1688129258480,831,2355458
1688129261480,1087,2356545
1688129261489,679,2357224
1688129266490,535,2357759
1688129267480,623,2358382
1688129268499,807,2359189
1688129270482,679,2359868
1688129273479,671,2360539
1688129273487,615,2361154
1688129274502,639,2361793
1688129275490,919,2362712
1688129276480,991,2363703
1688129276492,639,2364342
1688129277500,671,2365013
1688129278490,535,2365548
1688129278500,671,2366219
1688129279480,615,2366834
1688129280500,703,2367537
1688129280512,607,2368144
1688129281492,831,2368975
1688129283500,631,2369606
1688129283509,575,2370181
1688129284490,615,2370796
1688129285480,623,2371419
1688129285492,719,2372138
1688129286472,727,2372865
1688129287491,847,2373712
1688129288481,599,2374311
1688129290490,519,2374830
1688129290499,623,2375453
1688129291481,607,2376060
1688129292500,687,2376747
1688129292511,839,2377586
1688129293491,983,2378569
1688129294512,591,2379160
1688129295471,631,2379791
1688129295481,623,2380414
1688129296490,655,2381069
1688129297480,655,2381724
1688129297491,639,2382363
1688129298471,495,2382858
1688129299491,967,2383825
1688129299502,623,2384448
1688129302520,607,2385055
1688129302533,631,2385686
1688129303480,591,2386277
1688129303491,663,2386940
1688129304472,559,2387499
1688129305522,679,2388178
1688129306482,639,2388817
1688129307469,631,2389448
1688129309479,647,2390095
1688129310472,863,2390958
1688129311492,935,2391893
1688129311504,623,2392516
1688129312480,687,2393203
1688129313470,647,2393850
1688129313480,599,2394449
1688129314520,607,2395056
1688129315482,1000,2396056
1688129317492,639,2396695
1688129318481,887,2397582
1688129318492,615,2398197
1688129319469,607,2398804
1688129330480,831,2399635
1688129332490,983,2400618
1688129344490,751,2401369
1688129347491,775,2402144
1688129347503,751,2402895
1688129363481,1031,2403926
1688129364472,1079,2405005
1688129365489,1103,2406108
1688129366480,1111,2407219
1688129367471,1079,2408298
1688129368490,1023,2409321
1688129369482,1000,2410321
1688129370470,1031,2411352
1688129376473,895,2412247
1688129377520,903,2413150
1688129387480,815,2413965
1688129388499,959,2414924
1688129389492,975,2415899
1688129390481,959,2416858
1688129392491,1087,2417945
1688129397470,1047,2418992
1688129398492,863,2419855
1688129398503,807,2420662
1688129402482,743,2421405
1688129403471,807,2422212
1688129404492,751,2422963
1688129405480,751,2423714
1688129405491,719,2424433
1688129406470,759,2425192
1688129407490,679,2425871
1688129408481,687,2426558
1688129408494,711,2427269
1688129409472,735,2428004
1688129410491,743,2428747
1688129410502,687,2429434
1688129411481,591,2430025
1688129412469,839,2430864
1688129413489,631,2431495
1688129415470,735,2432230
1688129418469,663,2432893
1688129418480,631,2433524
1688129419492,655,2434179
1688129420480,615,2434794
1688129420491,679,2435473
1688129421500,655,2436128
1688129422490,663,2436791
1688129422501,647,2437438
1688129423481,679,2438117
1688129424470,671,2438788
1688129424479,623,2439411
1688129425491,687,2440098
1688129426480,639,2440737
1688129426491,679,2441416
1688129427470,655,2442071
1688129428491,623,2442694
1688129428502,671,2443365
1688129429480,687,2444052
1688129430471,679,2444731
1688129430480,655,2445386
1688129431490,679,2446065
1688129432482,639,2446704
1688129432493,647,2447351
1688129433470,591,2447942
1688129434460,663,2448605
1688129435480,615,2449220
1688129436469,647,2449867
1688129437462,695,2450562
1688129437473,607,2451169
1688129438480,583,2451752
1688129438490,615,2452367
1688129439471,567,2452934
1688129440462,639,2453573
1688129440473,655,2454228
1688129441480,647,2454875
1688129442470,623,2455498
1688129444482,591,2456089
1688129445472,559,2456648
1688129445484,591,2457239
1688129446462,575,2457814
1688129446476,615,2458429
1688129447480,591,2459020
1688129448469,551,2459571
1688129448480,615,2460186
1688129449460,575,2460761
1688129449471,583,2461344
1688129450482,567,2461911
1688129451471,647,2462558
1688129451482,623,2463181
1688129452460,631,2463812
1688129452470,623,2464435
1688129453479,599,2465034
1688129454501,551,2465585
1688129454512,679,2466264
1688129455491,647,2466911
1688129456480,607,2467518
1688129456491,607,2468125
1688129457472,575,2468700
1688129457482,639,2469339
1688129458459,607,2469946
1688129459480,607,2470553
1688129459490,567,2471120
1688129460470,583,2471703
1688129460480,583,2472286
1688129461462,615,2472901
1688129461473,575,2473476
1688129462482,575,2474051
1688129463471,575,2474626
1688129463482,607,2475233
1688129464460,575,2475808
1688129464470,591,2476399
1688129465480,591,2476990
1688129466470,591,2477581
1688129466481,567,2478148
1688129468480,591,2478739
1688129469470,599,2479338
1688129469481,639,2479977
1688129473462,535,2480512
1688129474480,711,2481223
1688129475473,607,2481830
1688129475483,559,2482389
1688129476460,535,2482924
1688129476470,639,2483563
1688129477481,591,2484154
1688129477491,535,2484689
1688129478472,615,2485304
1688129479492,607,2485911
1688129479503,543,2486454
1688129480481,599,2487053
1688129480492,623,2487676
1688129481469,567,2488243
1688129482459,551,2488794
1688129482468,607,2489401
1688129484471,599,2490000
1688129484482,559,2490559
1688129485491,599,2491158
1688129486511,543,2491701
1688129486522,575,2492276
1688129488491,583,2492859
1688129488498,559,2493418
1688129489480,575,2493993
1688129490472,543,2494536
1688129490484,527,2495063
1688129491461,599,2495662
1688129491473,575,2496237
1688129492481,543,2496780
1688129493470,559,2497339
1688129494459,599,2497938
1688129495481,567,2498505
1688129495492,527,2499032
1688129496472,615,2499647
1688129496482,599,2500246
1688129497459,567,2500813
1688129498482,567,2501380
1688129498494,543,2501923
1688129499470,567,2502490
1688129499480,607,2503097
1688129500460,551,2503648
1688129500470,535,2504183
1688129501479,527,2504710
1688129501489,567,2505277
1688129502473,567,2505844
1688129503460,543,2506387
1688129503471,543,2506930
1688129504482,527,2507457
1688129504493,575,2508032
1688129505470,583,2508615
1688129505480,559,2509174
1688129506459,543,2509717
1688129506468,495,2510212
1688129507481,575,2510787
1688129508472,551,2511338
1688129508484,559,2511897
1688129509461,527,2512424
1688129510480,535,2512959
1688129512460,583,2513542
1688129512472,559,2514101
1688129513483,527,2514628
1688129514470,519,2515147
1688129514482,543,2515690
1688129515460,559,2516249
1688129517500,567,2516816
1688129518460,503,2517319
1688129518470,503,2517822
1688129519512,591,2518413
1688129520501,543,2518956
1688129520513,559,2519515
1688129521490,503,2520018
1688129521502,567,2520585
1688129522480,543,2521128
1688129522490,559,2521687
1688129523470,495,2522182
1688129523481,567,2522749
1688129524462,511,2523260
1688129524472,543,2523803
1688129525481,535,2524338
1688129526471,567,2524905
1688129526482,535,2525440
1688129527460,535,2525975
1688129527472,503,2526478
1688129528480,567,2527045
1688129528492,567,2527612
1688129529470,559,2528171
1688129529480,535,2528706
1688129530462,511,2529217
1688129530471,559,2529776
1688129531482,583,2530359
1688129532472,551,2530910
1688129532483,527,2531437
1688129533462,503,2531940
1688129533474,567,2532507
1688129534480,551,2533058
1688129534490,503,2533561
1688129535470,551,2534112
1688129535480,503,2534615
1688129536460,575,2535190
1688129536472,503,2535693
1688129537481,551,2536244
1688129538471,543,2536787
1688129539460,543,2537330
1688129540480,543,2537873
1688129540488,511,2538384
1688129541470,567,2538951
1688129541483,543,2539494
1688129542462,551,2540045
1688129542473,407,2540452
1688129543482,639,2541091
1688129543494,551,2541642
1688129544472,519,2542161
1688129544484,551,2542712
1688129545460,511,2543223
1688129545472,543,2543766
1688129546479,543,2544309
1688129547471,551,2544860
1688129547483,575,2545435
1688129548459,495,2545930
1688129548464,543,2546473
1688129549481,519,2546992
1688129549492,535,2547527
1688129550472,535,2548062
1688129550485,487,2548549
1688129551460,567,2549116
1688129551470,511,2549627
1688129552510,535,2550162
1688129552520,495,2550657
1688129553501,551,2551208
1688129553512,535,2551743
1688129554490,535,2552278
1688129555480,519,2552797
1688129555491,399,2553196
1688129556470,647,2553843
1688129556482,535,2554378
1688129557460,527,2554905
1688129557470,551,2555456
1688129558479,519,2555975
1688129558490,559,2556534
1688129559469,543,2557077
1688129559475,527,2557604
1688129560462,511,2558115
1688129560473,551,2558666
1688129561480,551,2559217
1688129561490,519,2559736
1688129562470,535,2560271
1688129563460,511,2560782
1688129563472,567,2561349
1688129564479,527,2561876
1688129564487,535,2562411
1688129565471,511,2562922
1688129565483,543,2563465
1688129566462,535,2564000
1688129566475,519,2564519
1688129567481,535,2565054
1688129567492,503,2565557
1688129568470,583,2566140
1688129568481,503,2566643
1688129569460,543,2567186
1688129572459,575,2567761
1688129579482,663,2568424
1688129580501,511,2568935
1688129582480,631,2569566
1688129582491,607,2570173
1688129586529,623,2570796
1688129588449,567,2571363
1688129589472,415,2571778